This aircraft uses yasim version '2017.2'
-15 -1.34005 0.101231 -13.2375
-14 -1.4117 0.111956 -12.6095
-13 -1.5131 0.127109 -11.9039
-12 -1.7214 0.156023 -11.033
-11 -1.79211 0.161858 -11.0721
-10 -1.60727 0.131186 -12.2519
-9 -1.3805 0.09596 -14.3862
-8 -1.14861 0.0769633 -14.9242
-7 -0.911572 0.0852805 -10.6891
-6 -0.673174 0.0949725 -7.08809
-5 -0.433709 0.106035 -4.09026
-4 -0.193464 0.11846 -1.63317
-3 0.0472687 0.132239 0.357449
-2 0.288198 0.147362 1.95571
-1 0.52903 0.163819 3.22936
0 0.769472 0.181595 4.23729
1 1.00923 0.200676 5.02915
2 1.24801 0.221045 5.64594
3 1.48552 0.242685 6.12118
4 1.72146 0.265575 6.48201
5 1.95555 0.289695 6.75038
6 2.1875 0.315022 6.94396
7 2.41702 0.341531 7.07701
8 2.64367 0.370078 7.14355
9 2.8663 0.40503 7.07675
10 3.08544 0.441027 6.99603
11 3.29117 0.476509 6.90685
12 3.4522 0.506345 6.81787
13 3.56434 0.529323 6.73377
14 3.59381 0.538262 6.67669
15 3.55381 0.534648 6.64702
16 3.34441 0.505549 6.61541
17 3.03158 0.459132 6.60284
18 2.88667 0.435596 6.62694
19 2.85861 0.430345 6.64261
20 2.85033 0.428964 6.64469
21 2.91973 0.442022 6.6054
22 3.04909 0.468242 6.51178
23 3.20383 0.502709 6.37313
24 3.33241 0.53539 6.22427
25 3.43056 0.563528 6.08764
26 3.52398 0.591778 5.9549
27 3.61255 0.620105 5.82571
28 3.69618 0.648474 5.69981
29 3.77475 0.676852 5.57692
30 3.84817 0.705203 5.45682
31 3.91635 0.733494 5.33931
32 3.97921 0.761689 5.22419
33 4.03666 0.789755 5.11128
34 4.08865 0.817655 5.00046
35 4.1351 0.845358 4.89154
36 4.17596 0.872828 4.78441
37 4.21118 0.90003 4.67893
38 4.24071 0.926931 4.575
39 4.26452 0.953499 4.4725
40 4.28259 0.979699 4.37133
41 4.29488 1.0055 4.27139
42 4.30138 1.03087 4.17258
43 4.3021 1.05577 4.07483
44 4.29701 1.08018 3.97804
45 4.28614 1.10407 3.88214
46 4.2695 1.1274 3.78704
47 4.24711 1.15014 3.69268
48 4.21899 1.17228 3.59897
49 4.18518 1.19377 3.50586
50 4.14573 1.21459 3.41327
51 4.10067 1.23472 3.32113
52 4.05008 1.25413 3.22939
53 3.99401 1.2728 3.13797
54 3.93253 1.2907 3.04681
55 3.86571 1.30781 2.95586
56 3.79365 1.32411 2.86505
57 3.71642 1.33959 2.77431
58 3.63414 1.35421 2.68359
59 3.54689 1.36796 2.59283
60 3.45479 1.38083 2.50196
61 3.35795 1.3928 2.41092
62 3.25648 1.40386 2.31967
63 3.15053 1.41399 2.22812
64 3.04021 1.42317 2.13622
65 2.92567 1.43141 2.0439
66 2.80704 1.43869 1.95111
67 2.68447 1.445 1.85777
68 2.55812 1.45033 1.76382
69 2.02485 1.12936 1.79292
70 1.44919 0.727655 1.99159
71 1.3731 0.730045 1.88084
72 1.29514 0.731946 1.76945
73 1.21542 0.733358 1.65733
74 1.13403 0.734282 1.5444
75 1.05107 0.734717 1.43057
76 0.966643 0.734663 1.31576
77 0.88086 0.734124 1.19988
78 0.793825 0.733103 1.08283
79 0.705644 0.731602 0.96452
80 0.616427 0.729625 0.844855
81 0.526284 0.72718 0.723733
82 0.435326 0.724268 0.601056
83 0.343665 0.720897 0.476719
84 0.251414 0.717074 0.350611
85 0.158688 0.712806 0.222624
86 0.0655983 0.708101 0.0926397
87 -0.0277393 0.702967 -0.0394603
88 -0.121211 0.697414 -0.173801
89 0.626171 0.696773 0.898673
90 0.532785 0.705092 0.755625
# cl_max 4.3021 at 43 deg
# cd_min 0.0769633 at -8 deg
# ld_max 7.14355 at 8 deg
