-15 -0.422079 0.108098 -3.90461
-14 -0.241509 0.11834 -2.04081
-13 -0.110618 0.124323 -0.889761
-12 -0.0306312 0.125484 -0.244104
-11 0.0447535 0.126597 0.353511
-10 0.120743 0.12823 0.941609
-9 0.197246 0.130385 1.5128
-8 -0.714492 0.0322188 -22.1762
-7 -0.514399 0.0453639 -11.3394
-6 -0.313558 0.0598154 -5.2421
-5 -0.112214 0.0755582 -1.48514
-4 0.0893888 0.0925751 0.965581
-3 0.291003 0.110848 2.62526
-2 0.492383 0.130355 3.77724
-1 0.640577 0.153201 4.18128
0 0.818461 0.175619 4.66044
1 1.05043 0.197327 5.32327
2 1.28125 0.220516 5.81026
3 1.51066 0.245158 6.16198
4 1.73836 0.271226 6.40926
5 1.96407 0.298688 6.57564
6 2.18751 0.327515 6.67913
7 2.40842 0.357671 6.73362
8 2.62651 0.389211 6.74828
9 2.84071 0.42869 6.62649
10 3.05133 0.469345 6.50126
11 3.24804 0.50954 6.37447
12 3.39821 0.543913 6.24772
13 3.49751 0.57119 6.1232
14 3.51071 0.583874 6.01279
15 3.44932 0.58308 5.9157
16 3.20052 0.547847 5.84199
17 2.86306 0.49351 5.80142
18 2.71099 0.471026 5.7555
19 2.66642 0.468229 5.69468
20 2.64611 0.470522 5.62377
21 2.70934 0.49089 5.51923
22 2.83199 0.525604 5.38806
23 2.97751 0.567459 5.24709
24 3.09346 0.60453 5.11714
25 3.18261 0.636765 4.99809
26 3.26729 0.669161 4.88267
27 3.3474 0.701681 4.77055
28 3.42285 0.734283 4.66149
29 3.49354 0.766928 4.55524
30 3.55939 0.799579 4.45158
31 3.62032 0.832195 4.35033
32 3.67626 0.864738 4.2513
33 3.72713 0.897168 4.15433
34 3.77289 0.929444 4.05929
35 3.81346 0.961532 3.96603
36 3.84882 0.993392 3.87442
37 3.8789 1.02498 3.78436
38 3.90369 1.05627 3.69573
39 3.92314 1.08721 3.60843
40 3.93724 1.11778 3.52237
41 3.94597 1.14793 3.43746
42 3.94932 1.17763 3.35361
43 3.94728 1.20684 3.27075
44 3.93986 1.23553 3.1888
45 3.92708 1.26367 3.10769
46 3.90894 1.29121 3.02735
47 3.88547 1.31813 2.94771
48 3.8567 1.3444 2.86871
49 3.82267 1.36999 2.7903
50 3.78341 1.39485 2.71241
51 3.73898 1.41898 2.63498
52 3.68943 1.44233 2.55797
53 3.63482 1.46488 2.48131
54 3.57522 1.4866 2.40496
55 3.51071 1.50747 2.32887
56 3.44135 1.52747 2.25298
57 3.36725 1.54656 2.17725
58 3.28848 1.56473 2.10163
59 3.20515 1.58196 2.02606
60 3.11735 1.59822 1.95051
61 3.0252 1.6135 1.87493
62 2.92881 1.62778 1.79926
63 2.82829 1.64105 1.72347
64 2.72377 1.65328 1.64749
65 2.61538 1.66447 1.5713
66 2.50325 1.6746 1.49483
67 2.38751 1.68366 1.41804
68 2.26831 1.69165 1.34089
69 1.72503 1.35911 1.26923
70 1.13796 0.942279 1.20767
71 1.07257 0.94699 1.13261
72 1.00564 0.951118 1.05732
73 0.937265 0.95466 0.981778
74 0.867527 0.957613 0.905926
75 0.796512 0.959976 0.829722
76 0.724306 0.961743 0.753118
77 0.650998 0.962918 0.676068
78 0.576675 0.963497 0.598523
79 0.501432 0.963483 0.520437
80 0.425358 0.962876 0.441758
81 0.348547 0.961679 0.362436
82 0.271092 0.959894 0.282419
83 0.193088 0.957525 0.201653
84 0.11463 0.954574 0.120085
85 0.0358155 0.951049 0.0376589
86 -0.0432621 0.946954 -0.0456855
87 -0.122504 0.942296 -0.130006
88 -0.201816 0.93708 -0.215366
89 0.602342 0.926398 0.650198
90 0.523378 0.93551 0.559457
# cl_max 3.94932 at 42 deg
# cd_min 0.0322188 at -8 deg
# ld_max 6.74828 at 8 deg
