This aircraft uses yasim version 'YASIM_VERSION_CURRENT'
-15 -0.0420253 -0.0420026 1.00054
-14 -0.160549 -0.0454288 3.53408
-13 -0.218763 -0.047365 4.61866
-12 -0.131984 -0.0454496 2.90397
-11 -0.0377985 -0.0427602 0.883965
-10 0.0179631 -0.0360365 -0.49847
-9 0.0231816 -0.0249426 -0.929395
-8 0.0653799 -0.0163294 -4.0038
-7 0.171183 -0.011429 -14.9779
-6 0.279845 -0.00569324 -49.1539
-5 0.388652 0.00105068 369.906
-4 0.497475 0.0087936 56.5724
-3 0.606185 0.0175259 34.5879
-2 0.714653 0.0272361 26.2392
-1 0.822752 0.0379127 21.7013
0 0.930354 0.0495423 18.779
1 1.03733 0.0621111 16.7012
2 1.14356 0.0756043 15.1255
3 1.2489 0.0900061 13.8758
4 1.35325 0.1053 12.8514
5 1.45648 0.121469 11.9906
6 1.55845 0.138557 11.2477
7 1.65904 0.156609 10.5935
8 1.75814 0.175478 10.0191
9 1.85562 0.195145 9.50897
10 1.95097 0.215537 9.05164
11 2.03911 0.235857 8.64555
12 2.05431 0.243401 8.44
13 1.99072 0.235677 8.44682
14 1.90525 0.222706 8.55499
15 1.84966 0.214908 8.60676
16 1.87 0.222854 8.39114
17 1.9524 0.244877 7.97298
18 2.035 0.268091 7.5907
19 2.11511 0.291918 7.24555
20 2.19265 0.316334 6.93144
21 2.26455 0.34102 6.64051
22 2.30212 0.362899 6.34369
23 2.30728 0.381511 6.04774
24 2.29641 0.398147 5.76775
25 2.29779 0.416035 5.52307
26 2.33858 0.439069 5.32622
27 2.403 0.465933 5.15739
28 2.46539 0.493412 4.99662
29 2.52295 0.52108 4.84178
30 2.57308 0.548459 4.69148
31 2.61339 0.575021 4.54486
32 2.64452 0.600707 4.40235
33 2.6723 0.626442 4.26584
34 2.69699 0.652253 4.13489
35 2.71857 0.678118 4.00899
36 2.737 0.704012 3.88772
37 2.75227 0.729915 3.77067
38 2.76436 0.755803 3.65752
39 2.77326 0.781654 3.54794
40 2.77895 0.807446 3.44166
41 2.78143 0.833157 3.33842
42 2.78069 0.858765 3.23801
43 2.77673 0.884249 3.14021
44 2.76956 0.909588 3.04485
45 2.75917 0.934758 2.95175
46 2.74558 0.95974 2.86075
47 2.7288 0.984513 2.77173
48 2.70885 1.00906 2.68454
49 2.68574 1.03335 2.59907
50 2.65949 1.05736 2.51521
51 2.63014 1.08109 2.43286
52 2.5977 1.1045 2.35193
53 2.56222 1.12757 2.27233
54 2.52373 1.15029 2.19399
55 2.48226 1.17263 2.11682
56 2.43785 1.19458 2.04076
57 2.39056 1.21611 1.96575
58 2.34043 1.2372 1.89171
59 2.28751 1.25784 1.81861
60 2.23186 1.27799 1.74638
61 2.17352 1.29765 1.67497
62 2.11257 1.31679 1.60434
63 2.04907 1.33538 1.53444
64 1.98308 1.35342 1.46523
65 1.91467 1.37089 1.39667
66 1.84392 1.38775 1.32871
67 1.7709 1.404 1.26132
68 1.69568 1.41961 1.19447
69 1.61835 1.43456 1.12811
70 1.53899 1.44885 1.06222
71 1.45769 1.46244 0.996756
72 1.04813 0.991008 1.05764
73 0.988805 0.999831 0.988972
74 0.928273 1.00815 0.920773
75 0.86661 1.01594 0.85301
76 0.803881 1.02321 0.785646
77 0.740157 1.02994 0.718642
78 0.67551 1.03612 0.651962
79 0.610011 1.04174 0.585569
80 0.543735 1.0468 0.519428
81 0.476757 1.05128 0.453501
82 0.409154 1.05518 0.387756
83 0.341001 1.0585 0.322155
84 0.272376 1.06122 0.256663
85 0.203361 1.06334 0.191247
86 0.134032 1.06486 0.125868
87 0.0644716 1.06578 0.0604926
88 -0.00524211 1.06608 -0.00491719
89 -0.0750262 1.06577 -0.0703961
90 0.373133 1.06485 0.35041
# cl_max 2.78143 at 41 deg
# cd_min -0.047365 at -13 deg
# ld_max 369.906 at -5 deg
