This aircraft uses yasim version 'YASIM_VERSION_ORIGINAL'
-15 0.0461049 -0.0354086 -1.30208
-14 -0.0736762 -0.0336465 2.18972
-13 -0.134339 -0.0321721 4.17564
-12 -0.0536028 -0.032892 1.62966
-11 0.0331925 -0.0331761 -1.0005
-10 0.0554549 -0.0326989 -1.69592
-9 0.0544614 -0.032209 -1.69087
-8 0.115375 -0.0310058 -3.72109
-7 0.219045 -0.0284392 -7.70223
-6 0.323038 -0.0248142 -13.0183
-5 0.427231 -0.0201309 -21.2227
-4 0.531497 -0.0143912 -36.9321
-3 0.635713 -0.00759771 -83.6717
-2 0.739752 0.000245522 3012.97
-1 0.843489 0.0091333 92.3531
0 0.946797 0.0190587 49.678
1 1.04955 0.030014 34.9688
2 1.15163 0.0419901 27.4263
3 1.25291 0.0549766 22.7899
4 1.35326 0.068962 19.6233
5 1.45256 0.0839332 17.3062
6 1.5507 0.100001 15.5069
7 1.64754 0.117182 14.0597
8 1.74296 0.135303 12.8819
9 1.83684 0.154346 11.9008
10 1.92864 0.174265 11.0673
11 2.01318 0.194527 10.3491
12 2.02314 0.205727 9.8341
13 1.95227 0.205477 9.50117
14 1.85861 0.20089 9.25184
15 1.79531 0.199837 8.98388
16 1.80989 0.210715 8.58929
17 1.88838 0.232694 8.1153
18 1.96723 0.255847 7.68909
19 2.04369 0.279709 7.30649
20 2.11766 0.304251 6.96025
21 2.1806 0.327911 6.64997
22 2.20731 0.345804 6.38313
23 2.20688 0.35905 6.14645
24 2.19777 0.370848 5.92632
25 2.20823 0.386877 5.70783
26 2.25953 0.412054 5.48358
27 2.32265 0.440849 5.26859
28 2.38293 0.470226 5.06764
29 2.43765 0.49954 4.87978
30 2.48429 0.528121 4.70401
31 2.5206 0.55529 4.53925
32 2.55003 0.581743 4.38343
33 2.57648 0.608399 4.23486
34 2.59994 0.635229 4.09293
35 2.62038 0.662201 3.95707
36 2.63776 0.689286 3.8268
37 2.65206 0.71645 3.70167
38 2.66327 0.743667 3.58127
39 2.67136 0.770901 3.46525
40 2.67634 0.798126 3.35328
41 2.67819 0.825306 3.24508
42 2.67689 0.852412 3.14038
43 2.67247 0.879413 3.03893
44 2.66491 0.906279 2.9405
45 2.65423 0.932978 2.8449
46 2.64044 0.959482 2.75194
47 2.62355 0.985758 2.66145
48 2.60357 1.01178 2.57326
49 2.58054 1.03751 2.48723
50 2.55447 1.06293 2.40323
51 2.5254 1.08801 2.32112
52 2.49335 1.11271 2.24079
53 2.45837 1.13701 2.16214
54 2.4205 1.16089 2.08504
55 2.37977 1.18431 2.00942
56 2.33624 1.20725 1.93518
57 2.28995 1.22968 1.86224
58 2.24096 1.25158 1.79051
59 2.18933 1.27292 1.71992
60 2.1351 1.29369 1.6504
61 2.07836 1.31385 1.58189
62 2.01915 1.33338 1.51431
63 1.95756 1.35227 1.44761
64 1.89365 1.37048 1.38173
65 1.82749 1.38801 1.31662
66 1.75917 1.40484 1.25222
67 1.68876 1.42093 1.18849
68 1.61635 1.43628 1.12537
69 1.54202 1.45088 1.06282
70 1.46585 1.46469 1.00079
71 1.38794 1.47772 0.939244
72 0.949131 1.00208 0.947159
73 0.894409 1.01028 0.885304
74 0.838669 1.01795 0.823881
75 0.781975 1.02507 0.762852
76 0.724393 1.03163 0.70218
77 0.665987 1.03764 0.641827
78 0.606828 1.04309 0.581761
79 0.546979 1.04796 0.521944
80 0.486511 1.05227 0.462345
81 0.425493 1.056 0.40293
82 0.363993 1.05915 0.343666
83 0.302085 1.06172 0.284524
84 0.239836 1.06371 0.225471
85 0.17732 1.06512 0.16648
86 0.114608 1.06594 0.107518
87 0.0517701 1.06619 0.0485563
88 -0.0111204 1.06585 -0.0104334
89 -0.0739913 1.06494 -0.0694795
90 0.388389 1.09334 0.355231
# cl_max 2.67819 at 41 deg
# cd_min -0.0354086 at -15 deg
# ld_max 3012.97 at -2 deg
