This aircraft uses yasim version '2017.2'
-15 -0.0765551 0.217595 -0.351824
-14 -0.610017 0.204195 -2.98742
-13 -0.875597 0.197393 -4.43581
-12 -0.496346 0.207666 -2.39012
-11 -0.0841602 0.221276 -0.380341
-10 0.154966 0.252802 0.612994
-9 0.171069 0.303392 0.563855
-8 0.353703 0.342774 1.03189
-7 0.818101 0.365761 2.23671
-6 1.2946 0.392398 3.29921
-5 1.77172 0.423405 4.18447
-4 2.24889 0.458739 4.90234
-3 2.72555 0.498356 5.46907
-2 3.2011 0.542206 5.90385
-1 3.675 0.590232 6.22636
0 4.14667 0.642377 6.4552
1 4.61554 0.698576 6.60707
2 5.08106 0.758763 6.6965
3 5.54267 0.822868 6.7358
4 5.99983 0.890815 6.73521
5 6.45197 0.962526 6.70316
6 6.89854 1.03821 6.64464
7 7.33896 1.11794 6.56471
8 7.77275 1.20118 6.47094
9 8.19939 1.28783 6.36681
10 8.61649 1.37759 6.25476
11 9.00157 1.46689 6.13651
12 9.06205 1.49921 6.04455
13 8.77198 1.46346 5.99401
14 8.38451 1.40422 5.97091
15 8.13008 1.36788 5.94355
16 8.21353 1.40147 5.86064
17 8.57316 1.49757 5.72473
18 8.93369 1.59883 5.58762
19 9.28319 1.7027 5.45204
20 9.62132 1.80906 5.3184
21 9.93397 1.91646 5.18349
22 10.0934 2.01125 5.01849
23 10.109 2.09146 4.83348
24 10.0538 2.16281 4.64848
25 10.0533 2.23962 4.48886
26 10.2283 2.33912 4.37273
27 10.5073 2.45532 4.2794
28 10.7772 2.57411 4.18677
29 11.0257 2.6936 4.0933
30 11.2414 2.81171 3.99806
31 11.4138 2.92612 3.90065
32 11.5459 3.03661 3.80223
33 11.6632 3.14722 3.70589
34 11.7669 3.25804 3.61164
35 11.8567 3.36899 3.51938
36 11.9327 3.47995 3.42898
37 11.9946 3.59085 3.34033
38 12.0425 3.70157 3.25335
39 12.0762 3.812 3.16795
40 12.0958 3.92208 3.08403
41 12.1011 4.03168 3.0015
42 12.0922 4.14072 2.92031
43 12.0691 4.24912 2.84037
44 12.0317 4.35675 2.76162
45 11.9801 4.46355 2.68398
46 11.9144 4.5694 2.60742
47 11.8345 4.67424 2.53186
48 11.7406 4.77796 2.45725
49 11.6328 4.88046 2.38355
50 11.5111 4.98166 2.3107
51 11.3757 5.08147 2.23866
52 11.2267 5.17979 2.1674
53 11.0642 5.27653 2.09687
54 10.8884 5.37162 2.02702
55 10.6994 5.46494 1.95783
56 10.4976 5.55643 1.88927
57 10.283 5.64598 1.82129
58 10.0558 5.73352 1.75386
59 9.81634 5.81894 1.68696
60 9.56483 5.90218 1.62056
61 9.30151 5.98311 1.55463
62 9.02666 6.06169 1.48913
63 8.74057 6.1378 1.42405
64 8.44352 6.21137 1.35937
65 8.13583 6.28231 1.29504
66 7.81782 6.35053 1.23105
67 7.48982 6.41596 1.16737
68 7.15219 6.47849 1.10399
69 6.80528 6.53808 1.04087
70 6.44946 6.59461 0.97799
71 6.08513 6.64803 0.915328
72 4.26018 4.54309 0.937726
73 3.99385 4.57521 0.872933
74 3.72231 4.60504 0.808312
75 3.44584 4.63252 0.743837
76 3.16477 4.65761 0.679482
77 2.87939 4.68028 0.615216
78 2.59002 4.70048 0.551013
79 2.297 4.71817 0.486842
80 2.00065 4.73333 0.422673
81 1.7013 4.74591 0.358478
82 1.3993 4.7559 0.294224
83 1.09498 4.76325 0.229881
84 0.788697 4.76795 0.165416
85 0.480802 4.76998 0.100798
86 0.17164 4.76932 0.0359884
87 -0.138425 4.76594 -0.0290447
88 -0.449035 4.75985 -0.094338
89 -0.759835 4.75105 -0.15993
90 1.2314 4.7395 0.259817
# cl_max 12.1011 at 41 deg
# cd_min 0.197393 at -13 deg
# ld_max 6.7358 at 3 deg
