This aircraft uses yasim version 'YASIM_VERSION_ORIGINAL'
-15 0.0454556 -0.0382414 -1.18865
-14 -0.0738462 -0.036485 2.02401
-13 -0.134254 -0.035009 3.83484
-12 -0.0535315 -0.035722 1.49856
-11 0.0331288 -0.0360003 -0.920237
-10 0.0550349 -0.0355449 -1.54832
-9 0.0542882 -0.0350865 -1.54727
-8 0.115711 -0.0338859 -3.41473
-7 0.219335 -0.031311 -7.00506
-6 0.323282 -0.0276791 -11.6796
-5 0.427426 -0.0229906 -18.5914
-4 0.531644 -0.0172468 -30.8258
-3 0.635811 -0.0104505 -60.8406
-2 0.739801 -0.00260603 -283.881
-1 0.843489 0.00628149 134.282
0 0.946749 0.0162055 58.4214
1 1.04946 0.027158 38.6426
2 1.15149 0.0391299 29.4272
3 1.25271 0.0521109 24.0394
4 1.35302 0.0660895 20.4725
5 1.45227 0.0810526 17.9177
6 1.55036 0.0971153 15.9641
7 1.64716 0.114261 14.4157
8 1.74253 0.132346 13.1665
9 1.83637 0.151352 12.1331
10 1.92814 0.171233 11.2603
11 2.01264 0.191456 10.5123
12 2.0227 0.202633 9.9821
13 1.95205 0.202378 9.64556
14 1.85865 0.197796 9.39684
15 1.79556 0.19674 9.12659
16 1.81023 0.207597 8.71991
17 1.8887 0.229538 8.22825
18 1.96752 0.252652 7.78748
19 2.04396 0.276474 7.39296
20 2.11792 0.300976 7.03684
21 2.18072 0.324579 6.71862
22 2.20732 0.342437 6.44592
23 2.2069 0.355682 6.20469
24 2.1979 0.367506 5.98058
25 2.20848 0.383549 5.75801
26 2.25978 0.408689 5.52933
27 2.32266 0.437385 5.31033
28 2.38269 0.466659 5.10585
29 2.43719 0.495872 4.91495
30 2.48367 0.524369 4.7365
31 2.51993 0.551478 4.56941
32 2.5494 0.577899 4.4115
33 2.57591 0.604523 4.26106
34 2.59942 0.631322 4.11743
35 2.61992 0.658265 3.98003
36 2.63736 0.685321 3.84835
37 2.65172 0.712459 3.72193
38 2.663 0.739649 3.60036
39 2.67117 0.766857 3.48326
40 2.67621 0.794056 3.37031
41 2.67813 0.821214 3.26119
42 2.67693 0.848299 3.15564
43 2.67258 0.875281 3.0534
44 2.66511 0.902128 2.95425
45 2.65452 0.928812 2.85798
46 2.64082 0.9553 2.76439
47 2.62402 0.981564 2.67331
48 2.60415 1.00757 2.58457
49 2.58121 1.0333 2.49804
50 2.55525 1.05871 2.41355
51 2.52629 1.08378 2.33099
52 2.49435 1.10848 2.25025
53 2.45949 1.13278 2.1712
54 2.42173 1.15666 2.09373
55 2.38112 1.18008 2.01776
56 2.3377 1.20302 1.94319
57 2.29154 1.22547 1.86993
58 2.24267 1.24738 1.79791
59 2.19116 1.26874 1.72704
60 2.13706 1.28952 1.65726
61 2.08045 1.3097 1.5885
62 2.02137 1.32925 1.52069
63 1.95991 1.34816 1.45377
64 1.89614 1.36641 1.38768
65 1.83012 1.38397 1.32237
66 1.76193 1.40082 1.25779
67 1.69166 1.41695 1.19388
68 1.61939 1.43234 1.13059
69 1.5452 1.44698 1.06788
70 1.46917 1.46084 1.0057
71 1.3914 1.47391 0.944019
72 0.953318 0.999115 0.954162
73 0.898694 1.00737 0.892115
74 0.843053 1.0151 0.830512
75 0.786457 1.02228 0.769314
76 0.728973 1.02892 0.708485
77 0.670664 1.03499 0.647988
78 0.611599 1.04051 0.587788
79 0.551845 1.04546 0.527849
80 0.491471 1.04984 0.468139
81 0.430544 1.05365 0.408622
82 0.369137 1.05688 0.34927
83 0.307318 1.05954 0.29005
84 0.245157 1.06161 0.230929
85 0.182728 1.06311 0.171881
86 0.1201 1.06402 0.112873
87 0.0573459 1.06436 0.0538783
88 -0.00546311 1.06412 -0.00513393
89 -0.0682548 1.06331 -0.0641911
90 0.392689 1.09183 0.359661
# cl_max 2.67813 at 41 deg
# cd_min -0.0382414 at -15 deg
# ld_max 134.282 at -1 deg
