This aircraft uses yasim version 'YASIM_VERSION_CURRENT'
-15 -0.0422979 -0.0449338 0.941338
-14 -0.160358 -0.0483748 3.3149
-13 -0.218305 -0.0503124 4.33899
-12 -0.131559 -0.0483951 2.71845
-11 -0.0374184 -0.0457043 0.818707
-10 0.0178978 -0.0389692 -0.459282
-9 0.0231775 -0.0279311 -0.829808
-8 0.0658298 -0.0193829 -3.39627
-7 0.171708 -0.014487 -11.8526
-6 0.280305 -0.00874594 -32.0498
-5 0.389047 -0.0019977 -194.747
-4 0.497804 0.00574871 86.5941
-3 0.606448 0.0144832 41.8724
-2 0.714849 0.0241948 29.5455
-1 0.822881 0.0348718 23.5973
0 0.930415 0.0465008 20.0086
1 1.03732 0.0590681 17.5615
2 1.14348 0.0725586 15.7594
3 1.24877 0.0869571 14.3607
4 1.35305 0.102247 13.2332
5 1.45621 0.11841 12.298
6 1.55811 0.135494 11.4995
7 1.65864 0.153516 10.8044
8 1.75768 0.172354 10.1981
9 1.85511 0.191988 9.66265
10 1.9504 0.212348 9.18492
11 2.0385 0.232635 8.76264
12 2.05376 0.240168 8.55136
13 1.99037 0.232457 8.56233
14 1.90512 0.219507 8.67908
15 1.84971 0.211722 8.73648
16 1.87011 0.219659 8.51367
17 1.95247 0.241651 8.07971
18 2.03502 0.264833 7.68419
19 2.1151 0.288628 7.32811
20 2.19261 0.313012 7.00488
21 2.2644 0.337659 6.70617
22 2.30181 0.359505 6.40271
23 2.30693 0.37811 6.10121
24 2.29614 0.394758 5.81659
25 2.29764 0.412657 5.56792
26 2.33849 0.435678 5.36748
27 2.40266 0.462474 5.19523
28 2.46478 0.489878 5.03141
29 2.52209 0.51747 4.87388
30 2.57202 0.544779 4.72121
31 2.61222 0.571288 4.57251
32 2.64337 0.596943 4.42818
33 2.67119 0.622651 4.29003
34 2.69592 0.648435 4.15758
35 2.71755 0.674275 4.03032
36 2.73603 0.700145 3.9078
37 2.75136 0.726024 3.78962
38 2.76351 0.751891 3.67541
39 2.77247 0.777721 3.56486
40 2.77823 0.803493 3.45769
41 2.78078 0.829186 3.35362
42 2.78011 0.854777 3.25244
43 2.77624 0.880246 3.15393
44 2.76914 0.905571 3.0579
45 2.75884 0.930729 2.96417
46 2.74535 0.955701 2.8726
47 2.72866 0.980466 2.78303
48 2.7088 1.005 2.69533
49 2.6858 1.02928 2.60938
50 2.65966 1.0533 2.52507
51 2.63041 1.07702 2.4423
52 2.59809 1.10043 2.36097
53 2.56272 1.12351 2.281
54 2.52435 1.14623 2.2023
55 2.483 1.16858 2.1248
56 2.43872 1.19054 2.04842
57 2.39156 1.21208 1.97311
58 2.34156 1.23318 1.89879
59 2.28877 1.25383 1.82542
60 2.23326 1.27401 1.75294
61 2.17506 1.29368 1.68129
62 2.11425 1.31284 1.61044
63 2.0509 1.33147 1.54033
64 1.98505 1.34954 1.47091
65 1.91679 1.36703 1.40216
66 1.84619 1.38393 1.33402
67 1.77332 1.40021 1.26647
68 1.69826 1.41586 1.19945
69 1.62108 1.43086 1.13295
70 1.54188 1.44518 1.06691
71 1.46074 1.45882 1.00132
72 1.05184 0.988185 1.06442
73 0.992636 0.997066 0.995558
74 0.932227 1.00544 0.927182
75 0.870684 1.0133 0.859256
76 0.808076 1.02063 0.791741
77 0.744472 1.02743 0.724598
78 0.679945 1.03368 0.657792
79 0.614567 1.03937 0.591287
80 0.548411 1.0445 0.525045
81 0.481551 1.04906 0.45903
82 0.414066 1.05304 0.393208
83 0.346028 1.05644 0.327542
84 0.277521 1.05925 0.261998
85 0.208619 1.06146 0.19654
86 0.139403 1.06307 0.131133
87 0.0699534 1.06407 0.0657413
88 0.00034885 1.06447 0.000327722
89 -0.069327 1.06426 -0.0651412
90 0.377488 1.06343 0.354971
# cl_max 2.78078 at 41 deg
# cd_min -0.0503124 at -13 deg
# ld_max 86.5941 at -4 deg
