-15 0.116705 0.0476156 2.45098
-14 0.137451 0.047528 2.89201
-13 -0.0835315 0.025895 -3.22577
-12 -0.394931 0.00980039 -40.2975
-11 -0.429313 0.0115875 -37.0497
-10 -0.318487 0.0174146 -18.2885
-9 -0.197483 0.0241173 -8.18844
-8 -0.0759845 0.0320989 -2.3672
-7 0.0458619 0.0413534 1.10902
-6 0.16791 0.0518731 3.23693
-5 0.290009 0.0636496 4.55633
-4 0.412011 0.0766722 5.37367
-3 0.528656 0.0910452 5.80652
-2 0.603278 0.107313 5.62166
-1 0.737434 0.123561 5.96816
0 0.870944 0.141138 6.17087
1 1.00364 0.160026 6.27177
2 1.13537 0.180205 6.30046
3 1.26597 0.201655 6.27788
4 1.39526 0.224353 6.21904
5 1.52301 0.249158 6.11261
6 1.64905 0.275582 5.98388
7 1.77328 0.303169 5.84915
8 1.89554 0.33189 5.71135
9 2.01568 0.361713 5.57259
10 2.13355 0.392604 5.43434
11 2.249 0.424532 5.29759
12 2.36188 0.457458 5.16306
13 2.47207 0.491348 5.0312
14 2.56033 0.521345 4.91101
15 2.57022 0.532269 4.8288
16 2.52226 0.528038 4.77666
17 2.42446 0.513435 4.72204
18 2.29617 0.494961 4.63909
19 2.20556 0.48706 4.52832
20 2.23056 0.506581 4.40317
21 2.32254 0.542446 4.2816
22 2.41399 0.579576 4.16509
23 2.50024 0.617065 4.05182
24 2.57752 0.654147 3.94028
25 2.64499 0.690528 3.83039
26 2.70838 0.727214 3.72433
27 2.76805 0.764241 3.62196
28 2.8239 0.801562 3.523
29 2.87589 0.839134 3.42721
30 2.92394 0.876912 3.33436
31 2.968 0.914849 3.24425
32 3.00802 0.952903 3.15669
33 3.04395 0.991024 3.07152
34 3.07573 1.02917 2.98856
35 3.10335 1.06729 2.90769
36 3.12675 1.10534 2.82876
37 3.14592 1.14328 2.75165
38 3.16084 1.18106 2.67626
39 3.17147 1.21864 2.60247
40 3.17782 1.25597 2.53018
41 3.17988 1.293 2.4593
42 3.17763 1.32969 2.38975
43 3.1711 1.366 2.32144
44 3.16028 1.40189 2.2543
45 3.14518 1.43731 2.18825
46 3.12583 1.47221 2.12322
47 3.10226 1.50657 2.05916
48 3.07448 1.54032 1.99599
49 3.04254 1.57345 1.93367
50 3.00647 1.6059 1.87214
51 2.96631 1.63764 1.81133
52 2.92213 1.66863 1.75121
53 2.87397 1.69884 1.69172
54 2.82188 1.72822 1.63283
55 2.76594 1.75674 1.57447
56 2.70621 1.78438 1.51661
57 2.64277 1.81109 1.45921
58 2.57569 1.83684 1.40223
59 2.50505 1.86161 1.34563
60 2.43094 1.88537 1.28937
61 1.09939 0.796094 1.38098
62 0.951307 0.724854 1.31241
63 0.919612 0.733357 1.25398
64 0.886689 0.741459 1.19587
65 0.852581 0.749149 1.13807
66 0.817327 0.75642 1.08052
67 0.780972 0.763264 1.0232
68 0.743558 0.769674 0.966069
69 0.705133 0.775642 0.909096
70 0.665741 0.781164 0.852243
71 0.625433 0.786231 0.795482
72 0.584255 0.790842 0.738775
73 0.542259 0.794989 0.682096
74 0.499494 0.798671 0.625407
75 0.456015 0.801883 0.568681
76 0.411873 0.804622 0.511884
77 0.36712 0.806885 0.454985
78 0.321814 0.808672 0.397954
79 0.276007 0.809982 0.340757
80 0.229756 0.810814 0.283365
81 0.183115 0.811168 0.225743
82 0.136144 0.811045 0.167862
83 0.0888962 0.810445 0.109688
84 0.041431 0.809372 0.0511891
85 -0.00619384 0.807826 -0.00766729
86 -0.0539237 0.805813 -0.0669184
87 0.542088 0.829324 0.653651
88 0.494031 0.837628 0.589798
89 0.445654 0.845459 0.527115
90 0.397017 0.852809 0.465541
# cl_max 3.17988 at 41 deg
# cd_min 0.00980039 at -12 deg
# ld_max 6.30046 at 2 deg
