This aircraft uses yasim version 'YASIM_VERSION_32'
-15 0.0280905 0.0478274 0.58733
-14 0.0535861 0.0477512 1.12219
-13 -0.159939 0.021752 -7.35287
-12 -0.461334 0.000721192 -639.683
-11 -0.488928 0.00259052 -188.738
-10 -0.373786 0.0099957 -37.3947
-9 -0.248705 0.0183477 -13.5551
-8 -0.123169 0.0279975 -4.3993
-7 0.00266754 0.038933 0.0685163
-6 0.12865 0.0511405 2.51561
-5 0.254625 0.0646042 3.9413
-4 0.380437 0.079307 4.79701
-3 0.481958 0.0964738 4.99574
-2 0.581918 0.114639 5.07608
-1 0.719338 0.132144 5.44361
0 0.856051 0.150937 5.67157
1 0.991887 0.170997 5.80061
2 1.12668 0.1923 5.859
3 1.26027 0.214818 5.86669
4 1.39249 0.23856 5.83708
5 1.523 0.264579 5.75633
6 1.65179 0.291722 5.66221
7 1.77869 0.319955 5.55918
8 1.90355 0.349246 5.45045
9 2.02622 0.37956 5.33833
10 2.14654 0.41086 5.22451
11 2.264 0.443011 5.11048
12 2.32765 0.462446 5.03335
13 2.24637 0.448537 5.00823
14 2.03001 0.404593 5.0174
15 1.71903 0.335507 5.12368
16 1.45866 0.27594 5.28615
17 1.28006 0.235121 5.44425
18 1.10407 0.195581 5.64506
19 0.971069 0.16791 5.78326
20 0.957547 0.167527 5.71578
21 1.00449 0.18144 5.5362
22 1.05216 0.196104 5.36532
23 1.09637 0.210812 5.20072
24 1.13378 0.224996 5.03909
25 1.1646 0.23858 4.88137
26 1.19375 0.252284 4.73177
27 1.22132 0.266111 4.58951
28 1.24729 0.280048 4.45385
29 1.27163 0.294078 4.3241
30 1.2943 0.308186 4.19972
31 1.31528 0.322355 4.08021
32 1.33454 0.33657 3.96513
33 1.35208 0.350816 3.85409
34 1.36785 0.365075 3.74677
35 1.38186 0.379334 3.64285
36 1.39407 0.393576 3.54206
37 1.40448 0.407785 3.44416
38 1.41307 0.421947 3.34894
39 1.41984 0.436046 3.25618
40 1.42478 0.450066 3.16572
41 1.42789 0.463993 3.07739
42 1.42915 0.477811 2.99103
43 1.42857 0.491506 2.90651
44 1.42615 0.505063 2.82371
45 1.42189 0.518468 2.74249
46 1.41581 0.531706 2.66276
47 1.40789 0.544763 2.58441
48 1.39817 0.557626 2.50735
49 1.38664 0.57028 2.4315
50 1.37332 0.582713 2.35677
51 1.35823 0.59491 2.28308
52 1.34139 0.60686 2.21037
53 1.32281 0.618549 2.13856
54 1.30251 0.629966 2.0676
55 1.28053 0.641097 1.99741
56 1.25689 0.651931 1.92795
57 1.23162 0.662457 1.85916
58 1.20473 0.672663 1.79099
59 1.17628 0.682539 1.72339
60 1.14629 0.692073 1.65631
61 1.11479 0.701257 1.58971
62 1.08183 0.71008 1.52353
63 1.04744 0.718532 1.45775
64 1.01167 0.726605 1.39232
65 0.974551 0.734289 1.3272
66 0.936134 0.741577 1.26236
67 0.896464 0.74846 1.19774
68 0.855585 0.754932 1.13333
69 0.813549 0.760984 1.06907
70 0.770405 0.766612 1.00495
71 0.726203 0.771807 0.940913
72 0.680998 0.776565 0.876936
73 0.634843 0.78088 0.812984
74 0.587792 0.784747 0.74902
75 0.539902 0.788164 0.685012
76 0.491229 0.791124 0.620925
77 0.441833 0.793625 0.556728
78 0.391773 0.795664 0.492384
79 0.341109 0.79724 0.427862
80 0.2899 0.798349 0.363125
81 0.238209 0.798992 0.298137
82 0.186097 0.799167 0.232864
83 0.133629 0.798873 0.167272
84 0.0808656 0.798112 0.101321
85 0.0278731 0.796884 0.0349776
86 -0.0252871 0.795191 -0.0318
87 0.547155 0.80191 0.682315
88 0.493849 0.810218 0.609526
89 0.440191 0.818062 0.53809
90 0.386246 0.825433 0.467931
# cl_max 2.32765 at 12 deg
# cd_min 0.000721192 at -12 deg
# ld_max 5.86669 at 3 deg
