This aircraft uses yasim version '2017.2'
-15 -2.78456 0.436292 -6.38233
-14 -2.64601 0.396166 -6.67904
-13 -2.46917 0.351726 -7.02015
-12 -2.26325 0.305579 -7.40643
-11 -2.03448 0.25928 -7.84665
-10 -1.79255 0.214352 -8.36263
-9 -1.5449 0.175864 -8.78464
-8 -1.29055 0.165112 -7.81622
-7 -1.03273 0.169366 -6.09763
-6 -0.77375 0.176085 -4.39418
-5 -0.513914 0.185248 -2.77419
-4 -0.253551 0.196838 -1.28812
-3 0.00702486 0.210836 0.0333191
-2 0.267493 0.227218 1.17725
-1 0.527537 0.245958 2.14482
0 0.78684 0.267028 2.94665
1 1.04508 0.290397 3.59882
2 1.30196 0.316029 4.11975
3 1.55715 0.343888 4.52807
4 1.81035 0.373935 4.84134
5 2.06125 0.406128 5.07537
6 2.30955 0.440423 5.24394
7 2.55495 0.476772 5.35885
8 2.79715 0.515129 5.43
9 3.03149 0.554472 5.46735
10 3.23707 0.590052 5.48607
11 3.39651 0.618284 5.49345
12 3.50234 0.637857 5.4908
13 3.55321 0.649801 5.46815
14 3.5488 0.659518 5.38091
15 3.49352 0.659024 5.30105
16 3.3916 0.648467 5.23018
17 3.24885 0.628397 5.17007
18 3.07268 0.599817 5.1227
19 2.8527 0.559236 5.10107
20 2.57581 0.502016 5.13093
21 2.30964 0.444999 5.19021
22 2.08824 0.39746 5.25396
23 1.95545 0.372396 5.251
24 1.87041 0.359009 5.20993
25 1.8099 0.350413 5.16506
26 1.80176 0.354041 5.08912
27 1.82603 0.364677 5.00726
28 1.86093 0.379071 4.90918
29 1.89928 0.395542 4.80171
30 1.93599 0.412361 4.6949
31 1.97018 0.429211 4.59023
32 2.00179 0.446076 4.48756
33 2.03081 0.462937 4.38679
34 2.05718 0.479775 4.28781
35 2.0809 0.496573 4.19051
36 2.10192 0.513312 4.09481
37 2.12022 0.529976 4.0006
38 2.13579 0.546546 3.9078
39 2.14861 0.563005 3.81632
40 2.15866 0.579336 3.72609
41 2.16593 0.595522 3.63703
42 2.17043 0.611547 3.54908
43 2.17213 0.627393 3.46216
44 2.17105 0.643045 3.3762
45 2.16718 0.658486 3.29116
46 2.16053 0.673701 3.20696
47 2.15112 0.688675 3.12356
48 2.13894 0.703393 3.04089
49 2.12402 0.717838 2.95892
50 2.10638 0.731998 2.87758
51 2.08604 0.745857 2.79683
52 2.06301 0.759402 2.71663
53 2.03734 0.77262 2.63693
54 2.00906 0.785496 2.55769
55 1.97818 0.798018 2.47887
56 1.94477 0.810175 2.40043
57 1.90884 0.821953 2.32233
58 1.87046 0.833341 2.24453
59 1.82966 0.844327 2.167
60 1.78649 0.8549 2.08971
61 1.74101 0.865051 2.01261
62 1.69327 0.874767 1.93568
63 1.64332 0.884041 1.85887
64 1.59123 0.892863 1.78216
65 1.53706 0.901223 1.70553
66 1.48087 0.909113 1.62892
67 1.42274 0.916526 1.55232
68 1.36273 0.923454 1.47568
69 1.30091 0.92989 1.39899
70 1.23736 0.935827 1.32221
71 1.17215 0.941259 1.2453
72 1.10536 0.946181 1.16824
73 1.03708 0.950588 1.09099
74 0.967387 0.954475 1.01353
75 0.89636 0.957838 0.935816
76 0.824088 0.960675 0.857822
77 0.750658 0.962982 0.779514
78 0.676158 0.964756 0.700859
79 0.60068 0.965997 0.621824
80 0.524313 0.966703 0.542372
81 0.44715 0.966874 0.46247
82 0.369286 0.966508 0.382082
83 0.290814 0.965609 0.301171
84 0.21183 0.964176 0.2197
85 0.132429 0.962211 0.13763
86 0.0527074 0.959718 0.0549197
87 -0.0272361 0.956698 -0.0284688
88 -0.107306 0.953155 -0.11258
89 -0.187403 0.949097 -0.197454
90 0.561123 0.944524 0.59408
# cl_max 3.55321 at 13 deg
# cd_min 0.165112 at -8 deg
# ld_max 5.49345 at 11 deg
