This aircraft uses yasim version 'YASIM_VERSION_ORIGINAL'
-15 -0.602619 0.0573709 -10.5039
-14 -0.547862 0.042699 -12.8308
-13 -0.495134 0.0293092 -16.8935
-12 -0.444403 0.0171316 -25.9405
-11 -0.393847 0.00566453 -69.5287
-10 -0.342504 -0.00533442 64.2064
-9 -0.290272 -0.0148021 19.6102
-8 -0.236724 -0.017684 13.3863
-7 -0.182482 -0.0170233 10.7195
-6 -0.128015 -0.0158027 8.1008
-5 -0.0733893 -0.0140237 5.23325
-4 -0.0187886 -0.0116676 1.61032
-3 0.0145204 -0.00538168 -2.69811
-2 0.0738358 -0.00276017 -26.7504
-1 0.133092 0.000458702 290.149
0 0.192215 0.00427232 44.9907
1 0.251134 0.00867719 28.9418
2 0.309779 0.0136692 22.6625
3 0.368077 0.0192432 19.1276
4 0.425959 0.0253938 16.7742
5 0.483356 0.0321142 15.0511
6 0.540196 0.0393976 13.7114
7 0.596411 0.0472359 12.6262
8 0.651933 0.0556207 11.721
9 0.705651 0.0643544 10.9651
10 0.752578 0.0724761 10.3838
11 0.788563 0.0792176 9.95439
12 0.811803 0.084269 9.63347
13 0.822056 0.087435 9.40191
14 0.819076 0.0909622 9.00457
15 0.803942 0.0923629 8.70417
16 0.777655 0.0916336 8.48657
17 0.741589 0.0888578 8.3458
18 0.697491 0.0842152 8.28225
19 0.638155 0.0751937 8.48682
20 0.571689 0.0637219 8.97162
21 0.509349 0.0528956 9.62933
22 0.459444 0.0451325 10.1799
23 0.428742 0.0425363 10.0794
24 0.403031 0.040265 10.0095
25 0.384984 0.0388249 9.91589
26 0.381568 0.0406356 9.39
27 0.38598 0.0440592 8.76048
28 0.393036 0.048353 8.12846
29 0.401021 0.0531478 7.5454
30 0.408708 0.0580606 7.03933
31 0.415883 0.0630192 6.59931
32 0.422539 0.0680185 6.21212
33 0.428671 0.0730527 5.86797
34 0.43427 0.0781169 5.55924
35 0.439331 0.0832045 5.28014
36 0.44385 0.0883104 5.02602
37 0.447821 0.0934298 4.79313
38 0.451242 0.0985559 4.57853
39 0.454107 0.103684 4.37972
40 0.456416 0.108809 4.19467
41 0.458167 0.113924 4.02169
42 0.459358 0.119024 3.85936
43 0.459988 0.124105 3.70646
44 0.460059 0.12916 3.56194
45 0.45957 0.134183 3.42494
46 0.458525 0.139172 3.29467
47 0.456923 0.144118 3.17047
48 0.45477 0.149018 3.05177
49 0.452067 0.153867 2.93804
50 0.44882 0.158659 2.82884
51 0.445034 0.16339 2.72376
52 0.440713 0.168054 2.62244
53 0.435863 0.172648 2.52458
54 0.430492 0.177166 2.42988
55 0.424607 0.181604 2.33809
56 0.418217 0.185958 2.24899
57 0.411329 0.190223 2.16235
58 0.403952 0.194395 2.078
59 0.396096 0.198471 1.99574
60 0.387773 0.202445 1.91545
61 0.378991 0.206316 1.83695
62 0.369765 0.210078 1.76014
63 0.360103 0.213729 1.68486
64 0.35002 0.217266 1.61102
65 0.339529 0.220684 1.53853
66 0.328642 0.223982 1.46727
67 0.317375 0.227156 1.39717
68 0.305738 0.230204 1.32812
69 0.293751 0.233123 1.26007
70 0.281426 0.235911 1.19293
71 0.26878 0.238565 1.12665
72 0.255826 0.241085 1.06114
73 0.242585 0.243468 0.996376
74 0.22907 0.245711 0.932274
75 0.215299 0.247815 0.868787
76 0.201289 0.249778 0.805872
77 0.187058 0.251598 0.743479
78 0.172623 0.253275 0.681562
79 0.158002 0.254808 0.620081
80 0.143213 0.256197 0.558996
81 0.128275 0.25744 0.498272
82 0.113206 0.258538 0.43787
83 0.098025 0.259492 0.377757
84 0.08275 0.260301 0.317901
85 0.0674004 0.260965 0.258274
86 0.0519942 0.261486 0.198842
87 0.0365514 0.261863 0.139582
88 0.0210905 0.262098 0.0804679
89 0.00562977 0.262192 0.0214719
90 0.189644 0.265054 0.715491
# cl_max 0.822056 at 13 deg
# cd_min -0.017684 at -8 deg
# ld_max 290.149 at -1 deg
