This aircraft uses yasim version 'YASIM_VERSION_32'
-15 -0.626998 0.0375148 -16.7133
-14 -0.571624 0.0249496 -22.9111
-13 -0.518197 0.0135267 -38.3092
-12 -0.466684 0.00318264 -146.634
-11 -0.41534 -0.0065044 63.8553
-10 -0.363249 -0.0157442 23.0719
-9 -0.310277 -0.0235343 13.1841
-8 -0.255871 -0.0250832 10.2009
-7 -0.200756 -0.0232678 8.62807
-6 -0.145446 -0.0209217 6.95192
-5 -0.0900094 -0.0180502 4.98662
-4 -0.0345124 -0.0146581 2.3545
-3 -0.00126305 -0.00674584 0.187234
-2 0.0585222 -0.00321943 -18.1778
-1 0.118216 0.000852859 138.612
0 0.177747 0.00546535 32.5226
1 0.237045 0.0106114 22.3386
2 0.296038 0.0162841 18.1795
3 0.354655 0.0224754 15.7797
4 0.412826 0.0291771 14.149
5 0.470482 0.0363801 12.9324
6 0.527553 0.0440749 11.9695
7 0.583973 0.0522515 11.1762
8 0.639673 0.0608992 10.5038
9 0.693601 0.069788 9.93868
10 0.741033 0.0778453 9.5193
11 0.778044 0.0842612 9.23372
12 0.802947 0.0887402 9.04829
13 0.815433 0.0915151 8.91036
14 0.815434 0.0938062 8.69275
15 0.803942 0.0938103 8.56986
16 0.781914 0.091561 8.53982
17 0.750663 0.0871825 8.61024
18 0.71186 0.0809015 8.7991
19 0.663159 0.0719295 9.21956
20 0.601598 0.0592187 10.1589
21 0.542459 0.0465747 11.6471
22 0.493428 0.0360906 13.6719
23 0.464413 0.0307044 15.1253
24 0.44618 0.0279761 15.9486
25 0.433483 0.0263498 16.4511
26 0.432611 0.0275053 15.7283
27 0.439057 0.0302633 14.5079
28 0.447896 0.0338902 13.2161
29 0.45751 0.0380059 12.0379
30 0.466748 0.0422197 11.0552
31 0.475407 0.0464603 10.2325
32 0.483479 0.0507228 9.53179
33 0.490954 0.0550039 8.92579
34 0.497825 0.0592988 8.3952
35 0.504086 0.063603 7.92551
36 0.50973 0.0679133 7.5056
37 0.514751 0.072224 7.12715
38 0.519144 0.076532 6.78335
39 0.522905 0.0808326 6.46899
40 0.526031 0.0851223 6.17971
41 0.528518 0.089396 5.9121
42 0.530366 0.0936507 5.66324
43 0.531573 0.0978824 5.43073
44 0.532138 0.102087 5.21262
45 0.532061 0.106259 5.0072
46 0.531343 0.110397 4.81304
47 0.529988 0.114496 4.62888
48 0.527995 0.118553 4.45368
49 0.525369 0.122563 4.28654
50 0.522114 0.126523 4.12662
51 0.518236 0.130431 3.97326
52 0.513737 0.134281 3.82582
53 0.508625 0.138072 3.68377
54 0.502908 0.141799 3.54662
55 0.496591 0.14546 3.41393
56 0.489684 0.149051 3.28535
57 0.482195 0.152569 3.16051
58 0.474134 0.156011 3.03911
59 0.465512 0.159374 2.92087
60 0.456338 0.162656 2.80554
61 0.446625 0.165854 2.69289
62 0.436384 0.168965 2.5827
63 0.425629 0.171986 2.4748
64 0.414374 0.174915 2.369
65 0.402629 0.17775 2.26514
66 0.390413 0.180489 2.16309
67 0.377739 0.183128 2.06271
68 0.364623 0.185667 1.96385
69 0.351081 0.188104 1.86642
70 0.337129 0.190436 1.7703
71 0.322786 0.192661 1.67541
72 0.308067 0.194779 1.58162
73 0.292993 0.196787 1.48888
74 0.27758 0.198685 1.39708
75 0.261847 0.200471 1.30616
76 0.245815 0.202144 1.21604
77 0.229502 0.203703 1.12665
78 0.21293 0.205146 1.03794
79 0.196116 0.206474 0.949834
80 0.179083 0.207686 0.862274
81 0.161851 0.208781 0.77522
82 0.144442 0.209759 0.688609
83 0.126876 0.21062 0.602393
84 0.109175 0.211363 0.516529
85 0.0913606 0.211988 0.43097
86 0.0734542 0.212497 0.345672
87 0.0554789 0.212889 0.260601
88 0.0374553 0.213164 0.175711
89 0.0194058 0.213324 0.0909687
90 0.188524 0.213369 0.88356
# cl_max 0.815434 at 14 deg
# cd_min -0.0250832 at -8 deg
# ld_max 138.612 at -1 deg
