-15 -10.7891 2.84021 -3.79869
-14 -11.1597 2.78051 -4.01354
-13 -13.9109 2.85066 -4.87987
-12 -15.6579 2.81313 -5.566
-11 -14.8022 2.65685 -5.57134
-10 -13.924 2.50896 -5.54969
-9 -13.0311 2.36991 -5.49854
-8 -12.1246 2.23986 -5.41311
-7 -11.2057 2.11895 -5.28836
-6 -10.2756 2.0073 -5.11912
-5 -9.3354 1.90506 -4.90033
-4 -8.61354 1.86223 -4.62538
-3 -8.48347 1.95429 -4.34094
-2 -7.21499 1.81119 -3.98357
-1 -5.93812 1.68093 -3.53264
0 -4.65444 1.56366 -2.97662
1 -3.36554 1.45951 -2.30593
2 -2.073 1.36858 -1.51471
3 -0.778421 1.29097 -0.602973
4 0.516603 1.22676 0.421112
5 1.81048 1.176 1.53953
6 3.10162 1.13874 2.72373
7 4.38842 1.115 3.93581
8 5.66932 1.1048 5.13154
9 6.94273 1.10813 6.2653
10 8.2071 1.12496 7.29549
11 9.46087 1.15525 8.18945
12 10.7025 1.19895 8.92655
13 11.9305 1.25599 9.4989
14 13.1177 1.43229 9.15853
15 14.2632 1.7028 8.37634
16 15.3842 1.98364 7.75556
17 15.7551 2.04508 7.70389
18 15.5063 2.07177 7.48458
19 12.9655 1.98006 6.54804
20 11.375 2.15804 5.271
21 11.9406 2.44961 4.87449
22 12.281 2.59585 4.73101
23 12.6073 2.7448 4.59316
24 12.9191 2.89629 4.46057
25 13.2159 3.05014 4.3329
26 13.4975 3.20618 4.20983
27 13.7633 3.36423 4.09108
28 14.0132 3.52412 3.97637
29 14.2467 3.68564 3.86546
30 14.4636 3.84864 3.7581
31 14.6635 4.01291 3.65408
32 14.8462 4.17826 3.55321
33 15.0115 4.34452 3.45528
34 15.1592 4.51148 3.36013
35 15.2889 4.67896 3.26759
36 15.4006 4.84676 3.17751
37 15.4941 5.01468 3.08974
38 15.5692 5.18254 3.00416
39 15.6258 5.35013 2.92063
40 15.6638 5.51728 2.83905
41 15.6832 5.68377 2.7593
42 15.6839 5.84943 2.68127
43 15.6658 6.01405 2.60487
44 15.629 6.17745 2.53001
45 15.5735 6.33943 2.45661
46 15.4993 6.49982 2.38457
47 15.4064 6.65842 2.31382
48 15.295 6.81505 2.24429
49 15.1651 6.96952 2.17591
50 15.0169 7.12167 2.10862
51 14.8505 7.2713 2.04234
52 14.666 7.41824 1.97702
53 14.4638 7.56234 1.91261
54 14.2439 7.70341 1.84904
55 14.0067 7.8413 1.78627
56 13.7523 7.97584 1.72424
57 13.481 8.10688 1.66291
58 13.1932 8.23426 1.60223
59 12.8891 8.35784 1.54216
60 12.5691 8.47746 1.48265
61 12.2336 8.593 1.42367
62 11.8828 8.70432 1.36516
63 11.5172 8.81129 1.30709
64 11.1372 8.91378 1.24943
65 10.7432 9.01167 1.19214
66 10.3356 9.10487 1.13517
67 9.91495 9.19323 1.07851
68 9.48168 9.27668 1.0221
69 9.03626 9.35511 0.965917
70 8.5792 9.42844 0.909929
71 8.11102 9.49657 0.8541
72 7.63225 9.55943 0.7984
73 7.14342 9.61694 0.742796
74 6.64508 9.66904 0.687253
75 6.1378 9.71567 0.631742
76 5.62216 9.75678 0.576231
77 5.09873 9.79231 0.520687
78 4.56811 9.82223 0.465079
79 4.03091 9.8465 0.409375
80 3.48773 9.86509 0.353542
81 2.93919 9.878 0.297549
82 2.38591 9.88519 0.241362
83 1.82853 9.88667 0.184949
84 1.26767 9.88242 0.128275
85 0.703984 9.87247 0.0713078
86 0.1381 9.85682 0.0140106
87 -0.429333 9.83548 -0.0436514
88 -0.997668 9.80849 -0.101715
89 -1.56626 9.77589 -0.160217
90 2.12788 9.70665 0.219219
# cl_max 15.7551 at 17 deg
# cd_min 1.1048 at 8 deg
# ld_max 9.4989 at 13 deg
