This aircraft uses yasim version '2017.2'
-15 -14.9756 4.16588 -3.59482
-14 -15.0904 4.00835 -3.76475
-13 -17.4993 4.01829 -4.35492
-12 -18.9185 3.94285 -4.79817
-11 -17.8242 3.68688 -4.83449
-10 -16.7009 3.44027 -4.85454
-9 -15.5566 3.20382 -4.85564
-8 -14.3926 2.97785 -4.83324
-7 -13.2104 2.76264 -4.7818
-6 -12.0114 2.5585 -4.69469
-5 -10.797 2.3657 -4.56397
-4 -9.5687 2.18449 -4.38029
-3 -8.32807 2.01514 -4.13276
-2 -7.0766 1.85787 -3.80898
-1 -5.81582 1.71291 -3.39528
0 -4.54728 1.58047 -2.87716
1 -3.27255 1.46075 -2.24033
2 -1.99319 1.3539 -1.47218
3 -0.710789 1.26011 -0.564069
4 0.573071 1.17951 0.485856
5 1.85681 1.11223 1.66945
6 3.13882 1.05838 2.96569
7 4.41752 1.01805 4.33921
8 5.69131 0.991314 5.74118
9 6.95862 0.978234 7.11345
10 8.21786 0.978845 8.39547
11 9.46746 0.993165 9.53262
12 10.7059 1.02119 10.4837
13 11.9315 1.06291 11.2253
14 13.1175 1.22004 10.7517
15 14.2626 1.47015 9.70144
16 15.3843 1.73117 8.88665
17 15.8111 1.79675 8.79983
18 15.5614 1.80944 8.60012
19 13.0471 1.73689 7.51175
20 11.4586 1.95835 5.85114
21 12.0881 2.26492 5.33709
22 12.4413 2.40521 5.17267
23 12.7804 2.54855 5.01478
24 13.1049 2.69479 4.86305
25 13.4144 2.84376 4.71713
26 13.7084 2.99528 4.57666
27 13.9866 3.14919 4.44132
28 14.2485 3.30529 4.31082
29 14.4939 3.4634 4.18487
30 14.7223 3.62333 4.0632
31 14.9335 3.78489 3.94556
32 15.1272 3.94789 3.83172
33 15.3031 4.11213 3.72145
34 15.4609 4.27739 3.61456
35 15.6005 4.44349 3.51086
36 15.7215 4.61021 3.41015
37 15.8239 4.77735 3.31227
38 15.9074 4.94468 3.21707
39 15.972 5.11202 3.12439
40 16.0174 5.27914 3.03409
41 16.0437 5.44584 2.94605
42 16.0507 5.61189 2.86013
43 16.0384 5.77708 2.77622
44 16.0069 5.94122 2.69421
45 15.956 6.10408 2.61399
46 15.8858 6.26546 2.53546
47 15.7965 6.42516 2.45853
48 15.688 6.58295 2.38312
49 15.5604 6.73865 2.30913
50 15.414 6.89204 2.23649
51 15.2488 7.04295 2.16511
52 15.065 7.19116 2.09493
53 14.8628 7.33649 2.02588
54 14.6425 7.47875 1.95788
55 14.4042 7.61777 1.89087
56 14.1483 7.75336 1.8248
57 13.8751 7.88534 1.75961
58 13.5848 8.01356 1.69523
59 13.2778 8.13785 1.63161
60 12.9544 8.25805 1.5687
61 12.615 8.37401 1.50645
62 12.26 8.4856 1.4448
63 11.8899 8.59266 1.38372
64 11.5049 8.69508 1.32316
65 11.1057 8.79271 1.26306
66 10.6927 8.88545 1.20339
67 10.2662 8.97319 1.1441
68 9.82697 9.05581 1.08516
69 9.37535 9.13323 1.02651
70 8.91192 9.20537 0.968122
71 8.43722 9.27212 0.909955
72 7.95181 9.33343 0.851971
73 7.45626 9.38922 0.79413
74 6.95115 9.43945 0.736393
75 6.43706 9.48405 0.678725
76 5.91462 9.523 0.621088
77 5.38441 9.55624 0.563444
78 4.84707 9.58377 0.505759
79 4.30323 9.60555 0.447994
80 3.75351 9.62158 0.390113
81 3.19856 9.63187 0.332081
82 2.63902 9.63641 0.273859
83 2.07555 9.6352 0.215413
84 1.50879 9.62829 0.156704
85 0.939411 9.61569 0.0976956
86 0.368061 9.59745 0.0383499
87 -0.204597 9.57359 -0.021371
88 -0.777903 9.54417 -0.0815056
89 -1.3512 9.50925 -0.142093
90 2.21039 9.46889 0.233437
# cl_max 16.0507 at 42 deg
# cd_min 0.978234 at 9 deg
# ld_max 11.2253 at 13 deg
