-15 0.114016 0.042356 2.69184
-14 0.134751 0.0423499 3.18184
-13 -0.0865614 0.0207245 -4.17677
-12 -0.398511 0.00465172 -85.6697
-11 -0.432764 0.00650396 -66.5385
-10 -0.321452 0.0124062 -25.9107
-9 -0.199938 0.0191864 -10.4208
-8 -0.0779248 0.0272483 -2.85981
-7 0.0444378 0.0365863 1.2146
-6 0.167003 0.0471927 3.53875
-5 0.289621 0.0590586 4.90396
-4 0.412144 0.0721736 5.71045
-3 0.534421 0.0865254 6.17646
-2 0.598569 0.102678 5.82956
-1 0.733275 0.119096 6.15699
0 0.867337 0.136846 6.33807
1 1.00059 0.155909 6.4178
2 1.13287 0.176265 6.42708
3 1.26402 0.197895 6.3873
4 1.39387 0.220776 6.3135
5 1.52221 0.245395 6.20311
6 1.64884 0.271915 6.06379
7 1.77365 0.299602 5.92002
8 1.89649 0.328425 5.7745
9 2.01721 0.358353 5.62912
10 2.13566 0.389353 5.48517
11 2.2517 0.42139 5.3435
12 2.36516 0.454429 5.20469
13 2.47592 0.488433 5.06912
14 2.56471 0.518537 4.94606
15 2.57494 0.52952 4.86279
16 2.52719 0.525312 4.81083
17 2.44718 0.513248 4.76803
18 2.33183 0.496646 4.69515
19 2.23913 0.488356 4.58504
20 2.24029 0.504004 4.44498
21 2.32716 0.539047 4.31717
22 2.41774 0.576053 4.19708
23 2.50472 0.613693 4.08139
24 2.58447 0.651249 3.96849
25 2.65406 0.688046 3.85739
26 2.71787 0.724825 3.74969
27 2.77794 0.761946 3.64584
28 2.83419 0.799365 3.54555
29 2.88656 0.837035 3.44856
30 2.93499 0.874914 3.35461
31 2.97942 0.912953 3.2635
32 3.01978 0.951107 3.17502
33 3.05605 0.989333 3.089
34 3.08816 1.02758 3.00527
35 3.11609 1.06581 2.92368
36 3.1398 1.10397 2.84409
37 3.15926 1.14202 2.76637
38 3.17444 1.17991 2.69041
39 3.18534 1.2176 2.61609
40 3.19194 1.25504 2.5433
41 3.19423 1.29218 2.47196
42 3.1922 1.32899 2.40198
43 3.18587 1.36542 2.33326
44 3.17524 1.40142 2.26573
45 3.16032 1.43695 2.19933
46 3.14113 1.47197 2.13396
47 3.1177 1.50644 2.06958
48 3.09006 1.54032 2.00611
49 3.05823 1.57357 1.9435
50 3.02226 1.60614 1.88169
51 2.9822 1.638 1.82063
52 2.93808 1.66911 1.76027
53 2.88998 1.69944 1.70055
54 2.83793 1.72894 1.64143
55 2.78202 1.75759 1.58286
56 2.7223 1.78535 1.5248
57 2.65886 1.81218 1.46721
58 2.59176 1.83806 1.41005
59 2.52109 1.86296 1.35327
60 2.44694 1.88684 1.29684
61 1.11227 0.794979 1.39912
62 0.963948 0.72364 1.33208
63 0.932292 0.73224 1.2732
64 0.899399 0.740441 1.21468
65 0.865311 0.748233 1.15647
66 0.830069 0.755607 1.09855
67 0.793715 0.762557 1.04086
68 0.756295 0.769075 0.983382
69 0.717853 0.775154 0.926078
70 0.678437 0.780788 0.868913
71 0.638094 0.785971 0.811855
72 0.596874 0.790698 0.75487
73 0.554827 0.794964 0.697927
74 0.512003 0.798767 0.640992
75 0.468456 0.802102 0.584036
76 0.424237 0.804967 0.527025
77 0.3794 0.807358 0.469928
78 0.334002 0.809276 0.412717
79 0.288094 0.810719 0.355357
80 0.241735 0.811685 0.297818
81 0.194979 0.812176 0.240069
82 0.147884 0.812192 0.18208
83 0.100506 0.811734 0.123817
84 0.052904 0.810804 0.0652488
85 0.00513377 0.809405 0.00634264
86 -0.0427447 0.807539 -0.052932
87 0.552509 0.831068 0.664818
88 0.504292 0.839513 0.600695
89 0.45575 0.847488 0.537766
90 0.406941 0.854984 0.475964
# cl_max 3.19423 at 41 deg
# cd_min 0.00465172 at -12 deg
# ld_max 6.42708 at 2 deg
