This aircraft uses yasim version 'YASIM_VERSION_CURRENT'
-15 -0.956786 0.0849177 -11.2672
-14 -1.02896 0.0852939 -12.0637
-13 -0.967868 0.0626772 -15.4421
-12 -0.843968 0.0348449 -24.2207
-11 -0.709367 0.0136149 -52.1023
-10 -0.570358 0.0169871 -33.5759
-9 -0.430241 0.0240504 -17.8891
-8 -0.289465 0.032562 -8.88966
-7 -0.148201 0.042512 -3.48611
-6 -0.00662251 0.0538893 -0.122891
-5 0.135098 0.0666805 2.02605
-4 0.276788 0.0808707 3.4226
-3 0.418276 0.0964431 4.33702
-2 0.559387 0.113379 4.93377
-1 0.699952 0.131659 5.3164
0 0.839797 0.151261 5.55198
1 0.978754 0.172161 5.6851
2 1.11665 0.194335 5.746
3 1.25332 0.217758 5.75559
4 1.3886 0.2424 5.72857
5 1.52222 0.268947 5.6599
6 1.65403 0.296941 5.57023
7 1.78393 0.326056 5.47124
8 1.91176 0.356258 5.36622
9 2.03735 0.387511 5.25753
10 2.16056 0.419779 5.1469
11 2.28085 0.45292 5.03587
12 2.34596 0.472683 4.96307
13 2.26236 0.45746 4.94548
14 2.04017 0.41081 4.9662
15 1.72098 0.337882 5.09343
16 1.45403 0.275038 5.28666
17 1.29803 0.235003 5.52349
18 1.13659 0.196136 5.79493
19 0.995718 0.167269 5.95279
20 0.945823 0.162588 5.81729
21 0.985155 0.175667 5.60809
22 1.03183 0.190296 5.42225
23 1.07718 0.205275 5.2475
24 1.11811 0.220138 5.07913
25 1.1519 0.234395 4.91435
26 1.18189 0.248465 4.75675
27 1.21029 0.262669 4.60766
28 1.23706 0.276988 4.46613
29 1.26218 0.291407 4.33135
30 1.28562 0.305909 4.20263
31 1.30735 0.320479 4.07936
32 1.32734 0.3351 3.96104
33 1.34558 0.349755 3.84721
34 1.36204 0.364428 3.73747
35 1.3767 0.379103 3.63147
36 1.38955 0.393764 3.5289
37 1.40058 0.408394 3.42948
38 1.40976 0.422977 3.33295
39 1.4171 0.437497 3.2391
40 1.42258 0.451939 3.14772
41 1.4262 0.466286 3.05863
42 1.42795 0.480523 2.97165
43 1.42783 0.494634 2.88665
44 1.42586 0.508605 2.80347
45 1.42201 0.522418 2.72198
46 1.41632 0.536062 2.64208
47 1.40877 0.549519 2.56364
48 1.39938 0.562775 2.48657
49 1.38817 0.575817 2.41078
50 1.37514 0.588629 2.33617
51 1.36031 0.6012 2.26266
52 1.34371 0.613514 2.19018
53 1.32534 0.625558 2.11866
54 1.30525 0.637321 2.04802
55 1.28343 0.648788 1.9782
56 1.25994 0.659948 1.90915
57 1.23479 0.670789 1.84079
58 1.20801 0.681298 1.77309
59 1.17964 0.691467 1.70599
60 1.1497 0.70128 1.63944
61 1.11825 0.710731 1.57338
62 1.08531 0.719808 1.50778
63 1.05093 0.7285 1.44259
64 1.01514 0.7368 1.37777
65 0.977992 0.744698 1.31327
66 0.939528 0.752186 1.24906
67 0.899797 0.759254 1.18511
68 0.858843 0.765897 1.12136
69 0.816718 0.772107 1.05778
70 0.773472 0.777878 0.994336
71 0.729159 0.783202 0.930998
72 0.68383 0.788073 0.867724
73 0.637542 0.792488 0.804481
74 0.590349 0.796442 0.741233
75 0.54231 0.79993 0.677946
76 0.493481 0.802948 0.614587
77 0.443924 0.805494 0.551119
78 0.393698 0.807565 0.487512
79 0.342862 0.809159 0.423726
80 0.291481 0.810273 0.359731
81 0.239615 0.810909 0.295489
82 0.187327 0.811065 0.230965
83 0.134683 0.810741 0.166123
84 0.0817438 0.809938 0.100926
85 0.0285763 0.808657 0.035338
86 -0.0247538 0.806901 -0.0306776
87 0.570471 0.813881 0.700927
88 0.517005 0.822509 0.628571
89 0.463174 0.830664 0.557595
90 0.409046 0.838335 0.487926
# cl_max 2.34596 at 12 deg
# cd_min 0.0136149 at -11 deg
# ld_max 5.95279 at 19 deg
