This aircraft uses yasim version 'YASIM_VERSION_ORIGINAL'
-15 0.0870022 0.0430451 2.02119
-14 0.132948 0.045464 2.92424
-13 0.180247 0.0482853 3.73296
-12 0.227866 0.0515829 4.41747
-11 0.275749 0.0553569 4.98129
-10 0.323839 0.0596068 5.43292
-9 0.372079 0.064331 5.78383
-8 0.420411 0.0695279 6.04665
-7 0.34027 0.0577656 5.89053
-6 0.187423 0.0451777 4.14856
-5 0.264967 0.0593586 4.46383
-4 0.390278 0.0731547 5.33496
-3 0.515329 0.0882175 5.84157
-2 0.581893 0.104812 5.55176
-1 0.715572 0.122064 5.86226
0 0.852661 0.140658 6.06194
1 0.988915 0.160594 6.15784
2 1.12417 0.181853 6.18173
3 1.25825 0.204412 6.15548
4 1.391 0.228246 6.09431
5 1.52221 0.253776 5.99826
6 1.65167 0.281219 5.87326
7 1.77927 0.30985 5.74235
8 1.90485 0.339639 5.60845
9 2.02826 0.370554 5.4736
10 2.14934 0.402558 5.33921
11 2.26795 0.435619 5.20627
12 2.38393 0.469697 5.07547
13 2.49714 0.504755 4.94723
14 2.58791 0.535697 4.83091
15 2.59845 0.546603 4.75383
16 2.54982 0.541615 4.7078
17 2.47454 0.529397 4.67425
18 2.36557 0.513074 4.61058
19 2.27223 0.504451 4.50436
20 2.2639 0.518985 4.36216
21 2.3452 0.553809 4.23467
22 2.43631 0.591616 4.11806
23 2.52448 0.63018 4.00596
24 2.60626 0.66883 3.89675
25 2.67848 0.70686 3.78927
26 2.74369 0.74465 3.68454
27 2.80507 0.782778 3.58348
28 2.86255 0.821197 3.48583
29 2.91606 0.859863 3.39131
30 2.96553 0.898727 3.29971
31 3.01092 0.937743 3.21081
32 3.05215 0.976865 3.12443
33 3.08918 1.01604 3.0404
34 3.12198 1.05524 2.95856
35 3.15049 1.09439 2.87876
36 3.1747 1.13347 2.80087
37 3.19455 1.17241 2.72478
38 3.21005 1.21118 2.65036
39 3.22116 1.24972 2.5775
40 3.22787 1.288 2.50612
41 3.23019 1.32596 2.43611
42 3.2281 1.36356 2.3674
43 3.2216 1.40076 2.2999
44 3.21072 1.4375 2.23354
45 3.19546 1.47376 2.16824
46 3.17584 1.50948 2.10394
47 3.15188 1.54461 2.04057
48 3.12363 1.57913 1.97807
49 3.0911 1.61299 1.91639
50 3.05435 1.64614 1.85546
51 3.01342 1.67855 1.79525
52 2.96835 1.71018 1.7357
53 2.91921 1.74099 1.67675
54 2.86606 1.77095 1.61837
55 2.80895 1.80002 1.56051
56 2.74797 1.82817 1.50313
57 2.68318 1.85535 1.44618
58 2.61467 1.88155 1.38963
59 2.54252 1.90673 1.33344
60 2.46682 1.93086 1.27757
61 1.11595 0.806755 1.38325
62 0.965185 0.733379 1.31608
63 0.933261 0.742058 1.25767
64 0.90008 0.750325 1.19959
65 0.865683 0.758172 1.1418
66 0.830111 0.76559 1.08428
67 0.793409 0.772573 1.02697
68 0.755623 0.779111 0.969852
69 0.716797 0.785199 0.912886
70 0.676982 0.790831 0.85604
71 0.636225 0.796 0.799278
72 0.594576 0.800702 0.742568
73 0.552087 0.804932 0.685881
74 0.508812 0.808686 0.629183
75 0.464799 0.811963 0.572439
76 0.420106 0.814757 0.515621
77 0.374787 0.817067 0.458698
78 0.328897 0.818892 0.401637
79 0.282494 0.82023 0.344408
80 0.235632 0.821083 0.286977
81 0.18837 0.82145 0.229314
82 0.140766 0.821331 0.171387
83 0.0928774 0.820728 0.113165
84 0.0447626 0.819643 0.0546124
85 -0.00351791 0.818079 -0.00430021
86 -0.0519076 0.81604 -0.0636092
87 0.56522 0.840387 0.672571
88 0.51649 0.849031 0.608328
89 0.467424 0.857196 0.545295
90 0.418081 0.864872 0.483403
# cl_max 3.23019 at 41 deg
# cd_min 0.0430451 at -15 deg
# ld_max 6.18173 at 2 deg
