This aircraft uses yasim version 'YASIM_VERSION_CURRENT'
-15 -0.060297 0.0542542 -1.11138
-14 -0.0968428 0.0604845 -1.60112
-13 -0.341587 0.0366691 -9.31538
-12 -0.636205 0.0137079 -46.4115
-11 -0.652867 0.0135682 -48.1174
-10 -0.525935 0.0190928 -27.5462
-9 -0.388814 0.025675 -15.1437
-8 -0.251046 0.0336708 -7.4559
-7 -0.112797 0.0430713 -2.61884
-6 0.0257629 0.0538656 0.478281
-5 0.164466 0.0660413 2.49035
-4 0.303142 0.079584 3.80908
-3 0.441623 0.0944774 4.67438
-2 0.57974 0.110704 5.23683
-1 0.717324 0.128245 5.59339
0 0.854209 0.147079 5.80783
1 0.990226 0.167184 5.92299
2 1.12521 0.188535 5.96819
3 1.259 0.211108 5.96378
4 1.39143 0.234875 5.92411
5 1.52221 0.260614 5.84087
6 1.65124 0.287756 5.73832
7 1.77839 0.315997 5.62786
8 1.90351 0.345303 5.51258
9 2.02645 0.37564 5.39466
10 2.14705 0.406971 5.27569
11 2.2648 0.439163 5.15708
12 2.32852 0.458586 5.07761
13 2.24667 0.44452 5.05416
14 2.02915 0.400289 5.06921
15 1.71661 0.33081 5.18911
16 1.45515 0.270923 5.37108
17 1.29515 0.232094 5.58028
18 1.12952 0.194007 5.82204
19 0.991295 0.166101 5.96804
20 0.952621 0.162777 5.85232
21 0.996312 0.176261 5.65248
22 1.04307 0.190779 5.46743
23 1.08785 0.205557 5.29221
24 1.1274 0.220083 5.12263
25 1.15946 0.233914 4.95678
26 1.18863 0.247684 4.799
27 1.21624 0.261584 4.64953
28 1.24226 0.275597 4.5075
29 1.26664 0.289709 4.37212
30 1.28938 0.303903 4.24272
31 1.31043 0.318164 4.11872
32 1.32977 0.332474 3.99962
33 1.34739 0.34682 3.88499
34 1.36327 0.361185 3.77443
35 1.37737 0.375552 3.66759
36 1.3897 0.389907 3.56418
37 1.40023 0.404233 3.46392
38 1.40895 0.418516 3.36655
39 1.41586 0.432738 3.27187
40 1.42095 0.446887 3.17966
41 1.4242 0.460944 3.08975
42 1.42562 0.474896 3.00197
43 1.42521 0.488728 2.91617
44 1.42297 0.502424 2.8322
45 1.41889 0.51597 2.74995
46 1.41299 0.529352 2.66929
47 1.40528 0.542555 2.59011
48 1.39575 0.555565 2.51231
49 1.38443 0.568368 2.4358
50 1.37133 0.58095 2.36049
51 1.35646 0.593299 2.2863
52 1.33984 0.6054 2.21315
53 1.3215 0.617242 2.14097
54 1.30145 0.628811 2.06969
55 1.27971 0.640095 1.99925
56 1.25632 0.651082 1.92959
57 1.2313 0.661761 1.86064
58 1.20468 0.672119 1.79236
59 1.17649 0.682147 1.72469
60 1.14677 0.691832 1.65759
61 1.11556 0.701166 1.591
62 1.08288 0.710138 1.52488
63 1.04878 0.718739 1.45919
64 1.01329 0.726958 1.39388
65 0.976473 0.734788 1.32892
66 0.938357 0.74222 1.26426
67 0.89899 0.749247 1.19986
68 0.858421 0.755859 1.13569
69 0.816697 0.762051 1.07171
70 0.77387 0.767816 1.00788
71 0.729989 0.773148 0.944178
72 0.685106 0.77804 0.880554
73 0.639277 0.782488 0.81698
74 0.592555 0.786487 0.75342
75 0.544997 0.790033 0.689841
76 0.49666 0.793122 0.62621
77 0.447601 0.79575 0.56249
78 0.39788 0.797915 0.49865
79 0.347556 0.799614 0.434655
80 0.296691 0.800847 0.370471
81 0.245343 0.801611 0.306063
82 0.193578 0.801907 0.241398
83 0.141455 0.801734 0.176437
84 0.0890381 0.801092 0.111146
85 0.0363913 0.799983 0.0454901
86 -0.0164234 0.798408 -0.0205701
87 0.557408 0.805263 0.692206
88 0.504448 0.813708 0.619937
89 0.451134 0.821689 0.549032
90 0.39753 0.829197 0.479416
# cl_max 2.32852 at 12 deg
# cd_min 0.0135682 at -11 deg
# ld_max 5.96819 at 2 deg
