This aircraft uses yasim version 'YASIM_VERSION_CURRENT'
-15 -2.00473 0.266428 -7.52444
-14 -2.04464 0.266445 -7.67377
-13 -1.96565 0.240588 -8.17018
-12 -1.77124 0.197108 -8.98612
-11 -1.49686 0.155401 -9.63225
-10 -1.21327 0.118394 -10.2478
-9 -0.997566 0.0802608 -12.4291
-8 -0.904205 0.037247 -24.2759
-7 -0.806491 0.00205541 -392.375
-6 -0.621163 -0.00746603 83.1986
-5 -0.3657 -2.89873e-05 12615.9
-4 -0.0984506 0.0109777 -8.9682
-3 0.16835 0.0246803 6.82123
-2 0.434378 0.0410319 10.5863
-1 0.699307 0.0599817 11.6587
0 0.962818 0.081476 11.8172
1 1.2246 0.105458 11.6122
2 1.48433 0.131868 11.2561
3 1.74171 0.160646 10.8419
4 1.989 0.190621 10.4343
5 2.18303 0.214014 10.2004
6 2.26865 0.220571 10.2853
7 2.26249 0.211715 10.6865
8 2.22428 0.19672 11.3068
9 2.21951 0.189769 11.6959
10 2.3023 0.214221 10.7473
11 2.42168 0.243684 9.9378
12 2.54486 0.274164 9.28227
13 2.67132 0.319659 8.35678
14 2.80098 0.367525 7.6212
15 2.95182 0.411826 7.16763
16 3.14333 0.458061 6.86226
17 3.33812 0.525639 6.35058
18 3.50956 0.587887 5.96978
19 3.65641 0.64313 5.68534
20 3.79489 0.697867 5.43784
21 3.92781 0.753261 5.21441
22 4.05504 0.809243 5.01091
23 4.17646 0.865746 4.82412
24 4.29195 0.922707 4.65148
25 4.40141 0.980059 4.49096
26 4.50472 1.03774 4.34089
27 4.60178 1.09569 4.1999
28 4.69252 1.15385 4.06686
29 4.77685 1.21215 3.94081
30 4.85469 1.27054 3.82096
31 4.92597 1.32897 3.7066
32 4.99063 1.38738 3.59717
33 5.04862 1.44571 3.49215
34 5.09989 1.50391 3.39109
35 5.1444 1.56194 3.29361
36 5.18212 1.61973 3.19936
37 5.21301 1.67725 3.10806
38 5.23706 1.73445 3.01944
39 5.25426 1.79127 2.93325
40 5.26459 1.84769 2.84929
41 5.26807 1.90364 2.76737
42 5.26469 1.95909 2.68732
43 5.25447 2.01399 2.60899
44 5.23744 2.06831 2.53223
45 5.21361 2.122 2.45693
46 5.18303 2.17503 2.38297
47 5.14573 2.22735 2.31025
48 5.10177 2.27893 2.23867
49 5.05118 2.32973 2.16814
50 4.99404 2.3797 2.0986
51 4.93041 2.42883 2.02995
52 4.86036 2.47706 1.96215
53 4.78398 2.52436 1.89513
54 4.70135 2.5707 1.82882
55 4.61256 2.61603 1.76319
56 4.51771 2.66033 1.69817
57 4.4169 2.70356 1.63374
58 4.31025 2.74568 1.56983
59 4.19787 2.78665 1.50642
60 4.07989 2.82644 1.44347
61 3.95643 2.86502 1.38094
62 3.82764 2.90235 1.31881
63 3.69364 2.93839 1.25703
64 3.5546 2.97311 1.19558
65 3.41065 3.00647 1.13444
66 3.26197 3.03845 1.07357
67 3.10872 3.06898 1.01295
68 2.95106 3.09806 0.95255
69 2.78917 3.12564 0.892351
70 1.74739 2.21527 0.788793
71 1.46209 1.86881 0.782365
72 0.964856 0.916536 1.05272
73 0.907074 0.925572 0.980014
74 0.848076 0.934101 0.907906
75 0.787937 0.942111 0.836353
76 0.72673 0.949593 0.765306
77 0.664532 0.95654 0.694725
78 0.601419 0.962939 0.624566
79 0.53747 0.968787 0.554786
80 0.472765 0.97407 0.48535
81 0.407384 0.978786 0.416214
82 0.34141 0.982924 0.347341
83 0.274927 0.986479 0.278696
84 0.20802 0.989446 0.210239
85 0.140774 0.991817 0.141935
86 0.0732719 0.993587 0.0737449
87 0.00560486 0.994754 0.00563442
88 -0.062144 0.995313 -0.0624366
89 0.039219 0.996251 0.0393665
90 0.330422 1.0015 0.329927
# cl_max 5.26807 at 41 deg
# cd_min -0.00746603 at -6 deg
# ld_max 12615.9 at -5 deg
