-15 -1.07443 0.140272 -7.65962
-14 -0.925191 0.100788 -9.17962
-13 -0.766913 0.0782377 -9.80235
-12 -0.599648 0.0557048 -10.7648
-11 -0.672325 0.0795144 -8.45538
-10 -0.81816 0.119723 -6.83377
-9 -0.818961 0.13503 -6.06502
-8 -0.814896 0.106872 -7.62498
-7 -0.726316 0.0626012 -11.6023
-6 -0.551165 0.0413312 -13.3353
-5 -0.305851 0.0361305 -8.46517
-4 -0.0480544 0.0343097 -1.40061
-3 0.209978 0.0351007 5.98215
-2 0.467933 0.0385045 12.1527
-1 0.725498 0.0445192 16.2963
0 0.98236 0.0531382 18.4869
1 1.23821 0.0643527 19.241
2 1.49273 0.0781505 19.1007
3 1.74561 0.0945162 18.4689
4 1.98902 0.112923 17.6139
5 2.17911 0.128639 16.9397
6 2.25971 0.13394 16.871
7 2.24726 0.128802 17.4474
8 2.20208 0.119235 18.4684
9 2.18965 0.121503 18.0214
10 2.25813 0.143273 15.761
11 2.35971 0.16538 14.2684
12 2.47672 0.193228 12.8176
13 2.60052 0.236145 11.0124
14 2.73408 0.277704 9.84528
15 2.89794 0.31388 9.23264
16 3.09867 0.362371 8.55108
17 3.28769 0.42205 7.78982
18 3.45109 0.47599 7.25036
19 3.59555 0.526174 6.83339
20 3.73438 0.577362 6.46801
21 3.86795 0.629685 6.14268
22 3.9961 0.683083 5.8501
23 4.11869 0.737491 5.58473
24 4.23557 0.792841 5.34226
25 4.3466 0.849069 5.11926
26 4.45166 0.906104 4.91297
27 4.55062 0.963877 4.72116
28 4.64338 1.02232 4.54199
29 4.72982 1.08137 4.37393
30 4.80985 1.14094 4.2157
31 4.88337 1.20096 4.06621
32 4.95031 1.26137 3.92454
33 5.01059 1.3221 3.78988
34 5.06413 1.38306 3.66155
35 5.11089 1.44419 3.53895
36 5.15081 1.5054 3.42155
37 5.18386 1.56664 3.3089
38 5.20999 1.62783 3.20058
39 5.22918 1.68888 3.09624
40 5.24143 1.74974 2.99555
41 5.24671 1.81032 2.89822
42 5.24503 1.87056 2.80399
43 5.2364 1.93038 2.71263
44 5.22083 1.98971 2.62391
45 5.19836 2.04849 2.53765
46 5.16902 2.10664 2.45368
47 5.13285 2.1641 2.37182
48 5.08989 2.22079 2.29193
49 5.04023 2.27665 2.21388
50 4.9839 2.33161 2.13753
51 4.921 2.38562 2.06278
52 4.85161 2.4386 1.98951
53 4.77582 2.49049 1.91762
54 4.69373 2.54123 1.84703
55 4.60544 2.59077 1.77763
56 4.51108 2.63905 1.70936
57 4.41075 2.68601 1.64212
58 4.30461 2.7316 1.57586
59 4.19277 2.77575 1.5105
60 4.07538 2.81843 1.44597
61 3.95259 2.85959 1.38222
62 3.82457 2.89917 1.31919
63 3.69146 2.93714 1.25682
64 3.55345 2.97344 1.19506
65 3.4107 3.00805 1.13386
66 3.2634 3.04091 1.07317
67 3.11173 3.072 1.01294
68 2.95589 3.10127 0.953122
69 2.79607 3.12871 0.893683
70 1.71199 2.20976 0.77474
71 1.40308 1.86523 0.752228
72 0.842443 0.918937 0.916758
73 0.791245 0.927378 0.853207
74 0.739074 0.935239 0.790252
75 0.685999 0.942514 0.72784
76 0.632091 0.949198 0.665921
77 0.577423 0.955286 0.60445
78 0.522067 0.960777 0.54338
79 0.466098 0.965667 0.48267
80 0.40959 0.969953 0.422278
81 0.352616 0.973638 0.362163
82 0.295253 0.976717 0.302291
83 0.237577 0.979194 0.242625
84 0.179664 0.981069 0.183131
85 0.121592 0.982344 0.123777
86 0.0634341 0.983023 0.0645296
87 0.00526981 0.983109 0.00536035
88 -0.0528266 0.982606 -0.0537617
89 0.0599743 0.990016 0.0605792
90 0.364183 1.02091 0.356725
# cl_max 5.24671 at 41 deg
# cd_min 0.0343097 at -4 deg
# ld_max 19.241 at 1 deg
