-15 -1.46439 0.534132 -2.74164
-14 -1.39189 0.494593 -2.81421
-13 -1.31777 0.456485 -2.88677
-12 -1.24211 0.419845 -2.9585
-11 -1.57865 0.389428 -4.05378
-10 -1.46647 0.339015 -4.32567
-9 -1.35069 0.29966 -4.5074
-8 -1.23219 0.269699 -4.56875
-7 -1.11241 0.241781 -4.60089
-6 -0.9915 0.21593 -4.59176
-5 -0.869612 0.192168 -4.52528
-4 -0.746894 0.170512 -4.3803
-3 -0.623496 0.150979 -4.12969
-2 -0.49957 0.133581 -3.73983
-1 -0.395123 0.122393 -3.22831
0 -0.259652 0.106962 -2.42752
1 -0.123991 0.0940329 -1.31859
2 0.011651 0.0836111 0.139347
3 0.147108 0.0756985 1.94333
4 0.282213 0.070294 4.01475
5 0.416802 0.067393 6.18465
6 0.550711 0.0669885 8.22098
7 0.683774 0.06907 9.89972
8 0.815829 0.0736242 11.081
9 0.946715 0.0806346 11.7408
10 1.07627 0.0900817 11.9477
11 1.20434 0.101943 11.8138
12 1.33077 0.116194 11.4529
13 1.45539 0.132806 10.9588
14 1.57807 0.151747 10.3993
15 1.16692 0.0716091 16.2957
16 1.25457 0.08577 14.6272
17 1.34066 0.101886 13.1585
18 1.42508 0.119926 11.883
19 1.50772 0.139857 10.7804
20 1.58848 0.161646 9.82691
21 1.08054 0.0595762 18.1371
22 1.07642 0.0809744 13.2933
23 1.12924 0.10888 10.3714
24 1.03858 0.0633102 16.4046
25 1.08101 0.0797719 13.5513
26 1.14625 0.104749 10.9428
27 1.20416 0.142119 8.47286
28 1.25952 0.180457 6.9796
29 1.31227 0.219704 5.9729
30 1.36238 0.259805 5.24385
31 1.40978 0.300699 4.68835
32 1.45444 0.342328 4.24868
33 1.49631 0.384632 3.89025
34 1.53227 0.426923 3.58909
35 1.55366 0.467263 3.32503
36 1.58675 0.511037 3.10497
37 1.61695 0.555239 2.91217
38 1.66936 0.627039 2.66228
39 1.88128 0.883411 2.12956
40 2.14351 1.21701 1.76129
41 2.31883 1.47023 1.57719
42 2.33869 1.54783 1.51094
43 2.3369 1.60299 1.45784
44 2.33197 1.65791 1.40657
45 2.32388 1.71251 1.357
46 2.31267 1.76675 1.30899
47 2.29833 1.82055 1.26244
48 2.28089 1.87385 1.21722
49 2.26038 1.92659 1.17326
50 2.23682 1.9787 1.13045
51 2.21024 2.03013 1.08872
52 2.18067 2.08081 1.04799
53 2.14815 2.13069 1.0082
54 2.11273 2.17971 0.969274
55 2.07445 2.2278 0.931164
56 2.03335 2.27493 0.89381
57 1.98949 2.32102 0.857164
58 1.94293 2.36603 0.821176
59 1.89371 2.4099 0.785804
60 1.8419 2.45259 0.751004
61 1.78758 2.49404 0.716739
62 1.73079 2.53421 0.68297
63 1.67162 2.57305 0.649664
64 1.61014 2.61052 0.616787
65 1.54641 2.64657 0.584308
66 1.48053 2.68117 0.552197
67 1.41258 2.71427 0.520427
68 1.34263 2.74584 0.488969
69 1.27077 2.77583 0.457797
70 1.19709 2.80423 0.426888
71 1.12168 2.83099 0.396216
72 1.04464 2.85609 0.365759
73 0.966054 2.8795 0.335494
74 0.886022 2.90119 0.3054
75 0.804643 2.92114 0.275455
76 0.722016 2.93933 0.245639
77 0.638241 2.95574 0.215932
78 0.553421 2.97036 0.186315
79 0.46766 2.98316 0.156766
80 0.381063 2.99414 0.127269
81 0.293733 3.00329 0.0978037
82 0.20578 3.0106 0.0683517
83 0.117309 3.01606 0.0388947
84 0.0284277 3.01967 0.00941419
85 -0.0607539 3.02143 -0.0201077
86 -0.15013 3.02133 -0.0496901
87 -0.23959 3.0194 -0.0793502
88 -0.329025 3.01561 -0.109107
89 -0.418328 3.01 -0.13898
90 0.930804 2.9724 0.313149
# cl_max 2.33869 at 42 deg
# cd_min 0.0595762 at 21 deg
# ld_max 18.1371 at 21 deg
