This aircraft uses yasim version 'YASIM_VERSION_CURRENT'
-15 -0.291746 0.135203 -2.15783
-14 -0.240982 0.125819 -1.91532
-13 -0.189436 0.116926 -1.62014
-12 -0.144267 0.108896 -1.32482
-11 -0.437008 0.116907 -3.73809
-10 -0.788299 0.123937 -6.36047
-9 -0.770696 0.114107 -6.75413
-8 -0.595434 0.0997861 -5.9671
-7 -0.4191 0.0873098 -4.80015
-6 -0.241918 0.0766746 -3.15513
-5 -0.0641121 0.067873 -0.944589
-4 0.114097 0.0608961 1.87364
-3 0.292486 0.0557317 5.24811
-2 0.470837 0.052366 8.99127
-1 0.64893 0.0507824 12.7786
0 0.826547 0.0509625 16.2187
1 1.00347 0.0528857 18.9744
2 1.1795 0.0565296 20.8652
3 1.35441 0.0618703 21.8911
4 1.528 0.0688818 22.183
5 1.70007 0.0775368 21.926
6 1.8704 0.0878063 21.3014
7 1.95032 0.0953252 20.4596
8 1.86836 0.094851 19.6978
9 1.66329 0.0931464 17.8568
10 1.40393 0.0901673 15.5703
11 1.18477 0.0858332 13.8032
12 1.13145 0.0904514 12.5089
13 1.16706 0.100871 11.5699
14 1.20014 0.110881 10.8237
15 1.23493 0.122264 10.1005
16 1.2794 0.138572 9.23272
17 1.31961 0.153891 8.57499
18 1.34785 0.164638 8.18677
19 1.37492 0.175534 7.83278
20 1.40078 0.186568 7.50816
21 1.42542 0.197731 7.20888
22 1.4488 0.209012 6.93165
23 1.4709 0.220402 6.67369
24 1.49168 0.23189 6.43271
25 1.51114 0.243469 6.20672
26 1.52925 0.255127 5.99405
27 1.54597 0.266857 5.79327
28 1.56131 0.27865 5.60312
29 1.57523 0.290497 5.42254
30 1.58773 0.30239 5.25059
31 1.59877 0.314321 5.08643
32 1.60836 0.326283 4.92936
33 1.61648 0.338267 4.77872
34 1.62312 0.350266 4.63396
35 1.62826 0.362274 4.49456
36 1.63191 0.374283 4.36009
37 1.63404 0.386286 4.23013
38 1.63466 0.398277 4.10433
39 1.63376 0.410248 3.98237
40 1.63134 0.422194 3.86395
41 1.62739 0.434107 3.74882
42 1.62192 0.445983 3.63673
43 1.61492 0.457814 3.52747
44 1.60641 0.469593 3.42085
45 1.59637 0.481316 3.31668
46 1.58482 0.492974 3.21482
47 1.57176 0.504563 3.1151
48 1.55721 0.516076 3.0174
49 1.54116 0.527507 2.9216
50 1.52363 0.538848 2.82758
51 1.50464 0.550094 2.73524
52 1.48419 0.561237 2.64449
53 1.46229 0.572271 2.55524
54 1.43897 0.583189 2.46742
55 1.41424 0.593984 2.38094
56 1.38812 0.604648 2.29575
57 1.36063 0.615174 2.21178
58 1.33179 0.625555 2.12898
59 1.30163 0.635782 2.04728
60 1.27015 0.645848 1.96665
61 1.2374 0.655744 1.88702
62 1.2034 0.665461 1.80837
63 1.16818 0.674993 1.73065
64 1.13175 0.684328 1.65382
65 1.09417 0.69346 1.57784
66 1.05545 0.702378 1.50268
67 1.01563 0.711073 1.42831
68 0.974745 0.719535 1.35469
69 0.932831 0.727756 1.28179
70 0.889924 0.735724 1.20959
71 0.846061 0.743432 1.13805
72 0.801282 0.750867 1.06714
73 0.75563 0.758021 0.996845
74 0.709144 0.764884 0.927126
75 0.661867 0.771446 0.857957
76 0.613845 0.777695 0.789313
77 0.565121 0.783623 0.721164
78 0.515743 0.789219 0.653485
79 0.465757 0.794475 0.586245
80 0.415213 0.799379 0.519419
81 0.364158 0.803921 0.452977
82 0.312644 0.808094 0.38689
83 0.260721 0.811889 0.321129
84 0.208441 0.815293 0.255664
85 0.155857 0.818302 0.190464
86 0.103023 0.820906 0.125499
87 0.0499909 0.823096 0.0607352
88 -0.00318305 0.824867 -0.00385887
89 -0.0564434 0.826209 -0.0683161
90 0.113253 0.827117 0.136925
# cl_max 1.95032 at 7 deg
# cd_min 0.0507824 at -1 deg
# ld_max 22.183 at 4 deg
