This aircraft uses yasim version 'YASIM_VERSION_ORIGINAL'
-15 -0.0527268 0.0531026 -0.992924
-14 -0.0357164 0.0498986 -0.715779
-13 -0.0184334 0.0468579 -0.393389
-12 -0.00435782 0.044308 -0.0983531
-11 -0.191441 0.0722618 -2.64927
-10 -0.365557 0.0824909 -4.43149
-9 -0.35962 0.0767768 -4.68397
-8 -0.276429 0.0655043 -4.22001
-7 -0.192497 0.0550663 -3.49574
-6 -0.107927 0.0454748 -2.37334
-5 -0.022822 0.0367416 -0.62115
-4 0.0627155 0.0288769 2.17182
-3 0.148579 0.0218908 6.78728
-2 0.234666 0.015792 14.8598
-1 0.32087 0.0105881 30.3047
0 0.407086 0.00628601 64.7606
1 0.49321 0.00289136 170.581
2 0.579135 0.000408819 1416.6
3 0.664757 -0.0011581 -574.006
4 0.749973 -0.00180683 -415.078
5 0.834677 -0.00153592 -543.436
6 0.918757 -0.000345233 -2661.27
7 0.957931 0.00148826 643.656
8 0.916283 0.00284174 322.437
9 0.812963 0.00475883 170.833
10 0.681644 0.00863653 78.9257
11 0.569943 0.0109447 52.075
12 0.542131 0.0145673 37.2156
13 0.559196 0.0193773 28.8583
14 0.575252 0.0241747 23.7956
15 0.592462 0.0296839 19.9591
16 0.614758 0.0373106 16.4768
17 0.632542 0.0437817 14.4477
18 0.64562 0.0489331 13.1939
19 0.658174 0.0542183 12.1393
20 0.670186 0.0596328 11.2386
21 0.681642 0.065171 10.4593
22 0.692526 0.0708278 9.77759
23 0.702824 0.0765981 9.17547
24 0.712522 0.0824765 8.63909
25 0.721608 0.0884573 8.1577
26 0.730068 0.0945351 7.72271
27 0.737891 0.100704 7.32735
28 0.745066 0.106957 6.96603
29 0.751582 0.11329 6.63417
30 0.75743 0.119695 6.32801
31 0.762601 0.126167 6.04438
32 0.767088 0.132699 5.78064
33 0.770881 0.139286 5.53453
34 0.773975 0.14592 5.30412
35 0.776365 0.152595 5.08775
36 0.778044 0.159304 4.88401
37 0.77901 0.166042 4.69164
38 0.779257 0.172801 4.50957
39 0.778784 0.179574 4.33683
40 0.777589 0.186356 4.1726
41 0.77567 0.193139 4.01613
42 0.773028 0.199916 3.86676
43 0.769663 0.206682 3.72391
44 0.765577 0.213428 3.58705
45 0.760771 0.220149 3.45571
46 0.755249 0.226838 3.32947
47 0.749014 0.233488 3.20794
48 0.742072 0.240093 3.09077
49 0.734427 0.246646 2.97766
50 0.726087 0.25314 2.86832
51 0.717057 0.25957 2.76248
52 0.707345 0.265929 2.65991
53 0.696961 0.272209 2.56038
54 0.685913 0.278407 2.46371
55 0.674212 0.284515 2.36969
56 0.661869 0.290527 2.27817
57 0.648894 0.296437 2.18898
58 0.6353 0.30224 2.10197
59 0.621101 0.30793 2.01702
60 0.606309 0.313502 1.93399
61 0.590939 0.318948 1.85277
62 0.575007 0.324266 1.77325
63 0.558527 0.329449 1.69533
64 0.541515 0.334493 1.61891
65 0.52399 0.339393 1.5439
66 0.505967 0.344143 1.47022
67 0.487466 0.34874 1.39779
68 0.468504 0.353179 1.32653
69 0.449101 0.357456 1.25638
70 0.429276 0.361566 1.18727
71 0.409049 0.365508 1.11913
72 0.38844 0.369275 1.0519
73 0.367471 0.372866 0.98553
74 0.346162 0.376276 0.919967
75 0.324536 0.379504 0.855158
76 0.302613 0.382546 0.791052
77 0.280418 0.385398 0.727607
78 0.257972 0.38806 0.664774
79 0.235299 0.390528 0.602514
80 0.21242 0.392802 0.540781
81 0.18936 0.394878 0.47954
82 0.166142 0.396756 0.418752
83 0.142791 0.398434 0.358381
84 0.119329 0.399911 0.29839
85 0.0957827 0.401187 0.238748
86 0.0721733 0.402259 0.17942
87 0.0485264 0.403129 0.120375
88 0.0248658 0.403795 0.0615802
89 0.00121582 0.404259 0.00300752
90 0.0919214 0.414874 0.221565
# cl_max 0.957931 at 7 deg
# cd_min -0.00180683 at 4 deg
# ld_max 1416.6 at 2 deg
