This aircraft uses yasim version 'YASIM_VERSION_32'
-15 -0.0882156 0.0285167 -3.09347
-14 -0.0685582 0.026164 -2.62032
-13 -0.0486324 0.024015 -2.02509
-12 -0.031943 0.0222476 -1.4358
-11 -0.216095 0.0397648 -5.43433
-10 -0.389649 0.0436409 -8.92852
-9 -0.380719 0.0387483 -9.82545
-8 -0.294463 0.0316618 -9.30026
-7 -0.207679 0.0254886 -8.1479
-6 -0.120478 0.020226 -5.95658
-5 -0.0329677 0.01587 -2.07735
-4 0.0547394 0.0124161 4.40873
-3 0.142536 0.00985804 14.4589
-2 0.230314 0.0081886 28.1262
-1 0.317966 0.00739945 42.9716
0 0.405385 0.00748132 54.1863
1 0.492466 0.00842424 58.4582
2 0.579104 0.010217 56.6803
3 0.665196 0.0128477 51.7756
4 0.750641 0.0163036 46.0415
5 0.835337 0.0205712 40.6071
6 0.919179 0.0256361 35.8549
7 0.958682 0.0293576 32.6554
8 0.918788 0.0291641 31.5041
9 0.818514 0.0283727 28.8486
10 0.691609 0.0269616 25.6517
11 0.584424 0.0248913 23.479
12 0.558571 0.0272169 20.5229
13 0.576337 0.0323932 17.7919
14 0.592858 0.037374 15.8629
15 0.610217 0.0430333 14.1801
16 0.632321 0.0511134 12.3709
17 0.652337 0.0587133 11.1105
18 0.666478 0.0640761 10.4013
19 0.680043 0.0695171 9.78239
20 0.693018 0.0750311 9.2364
21 0.705388 0.0806132 8.75028
22 0.717139 0.0862581 8.31387
23 0.728259 0.0919615 7.91917
24 0.738736 0.0977181 7.55986
25 0.748557 0.103524 7.23078
26 0.757712 0.109373 6.92776
27 0.766191 0.115263 6.64733
28 0.773983 0.121188 6.38664
29 0.78108 0.127144 6.14325
30 0.787474 0.133128 5.91516
31 0.793157 0.139135 5.70062
32 0.798121 0.145161 5.49817
33 0.802361 0.151204 5.30649
34 0.805871 0.157258 5.12452
35 0.808646 0.16332 4.95129
36 0.810682 0.169388 4.78595
37 0.811974 0.175457 4.62777
38 0.812521 0.181524 4.47611
39 0.812319 0.187586 4.33038
40 0.811367 0.193639 4.19009
41 0.809663 0.199681 4.05478
42 0.807209 0.205708 3.92405
43 0.804003 0.211717 3.79753
44 0.800048 0.217705 3.67491
45 0.795344 0.223669 3.55589
46 0.789894 0.229606 3.44022
47 0.783701 0.235511 3.32766
48 0.776769 0.241384 3.21798
49 0.769102 0.247219 3.11102
50 0.760704 0.253014 3.00657
51 0.751581 0.258765 2.90449
52 0.741741 0.26447 2.80463
53 0.731189 0.270125 2.70686
54 0.719934 0.275726 2.61105
55 0.707983 0.281269 2.5171
56 0.695346 0.286751 2.42491
57 0.682032 0.292169 2.33438
58 0.668051 0.297518 2.24541
59 0.653415 0.302795 2.15794
60 0.638135 0.307996 2.0719
61 0.622223 0.313115 1.9872
62 0.605693 0.31815 1.90379
63 0.588557 0.323096 1.82161
64 0.570831 0.327949 1.74061
65 0.552528 0.332704 1.66072
66 0.533664 0.337356 1.5819
67 0.514257 0.341901 1.50411
68 0.494322 0.346334 1.4273
69 0.473877 0.35065 1.35142
70 0.452939 0.354845 1.27644
71 0.431529 0.358914 1.20232
72 0.409664 0.362851 1.12902
73 0.387366 0.366651 1.0565
74 0.364653 0.37031 0.984722
75 0.341548 0.373823 0.913662
76 0.318071 0.377185 0.843277
77 0.294247 0.380389 0.773541
78 0.270094 0.383433 0.704411
79 0.24564 0.38631 0.635862
80 0.220906 0.389016 0.567858
81 0.195916 0.391546 0.500365
82 0.170696 0.393895 0.433354
83 0.14527 0.396059 0.366788
84 0.119663 0.398033 0.300635
85 0.0939029 0.399813 0.234867
86 0.0680132 0.401395 0.169442
87 0.0420226 0.402775 0.104333
88 0.0159566 0.403949 0.0395016
89 -0.0101575 0.404913 -0.0250857
90 0.0730733 0.405665 0.180132
# cl_max 0.958682 at 7 deg
# cd_min 0.00739945 at -1 deg
# ld_max 58.4582 at 1 deg
