This aircraft uses yasim version 'YASIM_VERSION_CURRENT'
-15 -0.0795101 0.0633275 -1.25554
-14 -0.0597254 0.0696907 -0.857008
-13 -0.152958 0.0545002 -2.80656
-12 -0.478446 0.0216928 -22.0555
-11 -0.614719 0.0154532 -39.7793
-10 -0.513685 0.021997 -23.3525
-9 -0.377543 0.0283395 -13.3222
-8 -0.240749 0.0360743 -6.6737
-7 -0.103471 0.0451928 -2.28954
-6 0.0341241 0.0556846 0.61281
-5 0.171868 0.0675375 2.54478
-4 0.309595 0.0807377 3.83457
-3 0.447136 0.0952694 4.69338
-2 0.584325 0.111115 5.25871
-1 0.720995 0.128257 5.62148
0 0.856981 0.146674 5.84274
1 0.992116 0.166345 5.96419
2 1.12624 0.187247 6.01473
3 1.25918 0.209354 6.01462
4 1.39079 0.232641 5.97827
5 1.5209 0.25708 5.91604
6 1.64935 0.282643 5.83544
7 1.77599 0.309301 5.74194
8 1.90042 0.338695 5.61101
9 2.02263 0.369429 5.47501
10 2.1425 0.401146 5.34096
11 2.25269 0.431966 5.21496
12 2.25882 0.438321 5.15336
13 2.10646 0.411138 5.12349
14 1.85342 0.362134 5.11806
15 1.5644 0.301972 5.18061
16 1.37724 0.26167 5.2633
17 1.24774 0.226719 5.50345
18 1.13603 0.194695 5.83495
19 1.07088 0.175529 6.10086
20 1.06228 0.175861 6.04045
21 1.06162 0.183142 5.79669
22 1.05537 0.189536 5.56814
23 1.06345 0.198379 5.3607
24 1.10486 0.213514 5.17464
25 1.14535 0.229049 5.00048
26 1.17539 0.243074 4.8355
27 1.20264 0.256986 4.67978
28 1.22831 0.271006 4.5324
29 1.25238 0.28512 4.39245
30 1.27481 0.299312 4.25912
31 1.29557 0.313565 4.13175
32 1.31466 0.327866 4.00975
33 1.33204 0.342196 3.89261
34 1.34769 0.356543 3.77988
35 1.3616 0.370889 3.67118
36 1.37375 0.385218 3.56615
37 1.38412 0.399516 3.4645
38 1.39272 0.413768 3.36593
39 1.39951 0.427957 3.27022
40 1.40451 0.442069 3.17713
41 1.4077 0.456088 3.08646
42 1.40908 0.47 2.99804
43 1.40865 0.48379 2.9117
44 1.40641 0.497442 2.82728
45 1.40236 0.510943 2.74466
46 1.39651 0.524279 2.66369
47 1.38887 0.537434 2.58427
48 1.37945 0.550395 2.50628
49 1.36825 0.563149 2.42964
50 1.35529 0.575681 2.35424
51 1.34059 0.58798 2.27999
52 1.32416 0.600031 2.20683
53 1.30603 0.611822 2.13466
54 1.28621 0.623341 2.06342
55 1.26474 0.634575 1.99305
56 1.24163 0.645513 1.92347
57 1.21691 0.656143 1.85464
58 1.19061 0.666454 1.78649
59 1.16277 0.676435 1.71897
60 1.13342 0.686075 1.65203
61 1.10259 0.695365 1.58562
62 1.07031 0.704294 1.5197
63 1.03664 0.712853 1.45421
64 1.0016 0.721034 1.38912
65 0.965247 0.728825 1.32439
66 0.927614 0.736223 1.25996
67 0.88875 0.743216 1.19582
68 0.8487 0.749798 1.1319
69 0.807512 0.755963 1.06819
70 0.765238 0.761703 1.00464
71 0.721925 0.767013 0.941217
72 0.677627 0.771886 0.877886
73 0.632397 0.776318 0.81461
74 0.586289 0.780306 0.751358
75 0.539359 0.783844 0.688094
76 0.491661 0.786928 0.624785
77 0.443255 0.789556 0.561399
78 0.394199 0.791725 0.497899
79 0.344551 0.793433 0.434253
80 0.294371 0.794678 0.370428
81 0.243719 0.795461 0.306388
82 0.192658 0.79578 0.242099
83 0.141248 0.795635 0.177529
84 0.0895514 0.795027 0.112639
85 0.0376323 0.793957 0.0473984
86 0.590689 0.796176 0.741908
87 0.538755 0.804759 0.669461
88 0.486421 0.812889 0.598385
89 0.43375 0.820558 0.528603
90 0.425884 0.827757 0.514504
# cl_max 2.25882 at 12 deg
# cd_min 0.0154532 at -11 deg
# ld_max 6.10086 at 19 deg
