This aircraft uses yasim version 'YASIM_VERSION_ORIGINAL'
-15 0.131091 0.0406434 3.22539
-14 0.168573 0.043632 3.8635
-13 0.0652144 0.0324638 2.00883
-12 -0.27661 0.00744335 -37.162
-11 -0.428653 0.0048868 -87.7164
-10 -0.340538 0.0119128 -28.5858
-9 -0.216838 0.0184008 -11.7841
-8 -0.0926069 0.0261852 -3.53661
-7 0.0319993 0.0352607 0.907505
-6 0.156831 0.0456203 3.43775
-5 0.281735 0.0572553 4.92069
-4 0.406562 0.0701556 5.79515
-3 0.531158 0.0843092 6.30012
-2 0.607874 0.101385 5.99571
-1 0.735451 0.117637 6.25186
0 0.868877 0.134977 6.43724
1 1.00151 0.153616 6.51959
2 1.13319 0.173535 6.53003
3 1.26375 0.194715 6.49028
4 1.39304 0.217132 6.41562
5 1.52089 0.240764 6.31692
6 1.64714 0.265585 6.20193
7 1.77165 0.29157 6.07624
8 1.89417 0.319622 5.92627
9 2.01447 0.350021 5.75528
10 2.13249 0.381481 5.59002
11 2.24808 0.413969 5.43056
12 2.3611 0.447448 5.27682
13 2.47141 0.48188 5.12867
14 2.5618 0.513031 4.99347
15 2.57152 0.525028 4.89787
16 2.51931 0.521165 4.83399
17 2.44354 0.510518 4.78638
18 2.38018 0.50252 4.73648
19 2.36271 0.50688 4.66128
20 2.40687 0.529975 4.54148
21 2.4559 0.557824 4.40264
22 2.49529 0.584432 4.2696
23 2.54392 0.614038 4.14293
24 2.62358 0.652168 4.02285
25 2.70469 0.692106 3.90791
26 2.77233 0.730103 3.79717
27 2.83382 0.767864 3.69052
28 2.89142 0.805929 3.58769
29 2.94507 0.844253 3.48838
30 2.99471 0.882791 3.39232
31 3.04026 0.921496 3.29927
32 3.08169 0.960321 3.20902
33 3.11893 0.999221 3.12137
34 3.15195 1.03815 3.03613
35 3.18071 1.07706 2.95314
36 3.20516 1.1159 2.87226
37 3.22529 1.15464 2.79334
38 3.24107 1.19321 2.71626
39 3.25248 1.23158 2.64089
40 3.2595 1.26971 2.56713
41 3.26214 1.30754 2.49488
42 3.26038 1.34503 2.42403
43 3.25423 1.38213 2.35451
44 3.24371 1.41881 2.28622
45 3.22881 1.45501 2.21909
46 3.20956 1.4907 2.15305
47 3.18599 1.52584 2.08803
48 3.15812 1.56037 2.02395
49 3.126 1.59427 1.96077
50 3.08964 1.62748 1.89842
51 3.04912 1.65998 1.83684
52 3.00446 1.69172 1.77598
53 2.95574 1.72267 1.71579
54 2.903 1.75278 1.65623
55 2.84632 1.78203 1.59724
56 2.78576 1.81038 1.53877
57 2.72139 1.83779 1.4808
58 2.6533 1.86424 1.42326
59 2.57125 1.88021 1.36753
60 1.04194 0.71346 1.4604
61 0.987036 0.708688 1.39277
62 0.956918 0.717574 1.33355
63 0.925539 0.726073 1.27472
64 0.892939 0.734173 1.21625
65 0.859156 0.741868 1.1581
66 0.824232 0.749149 1.10022
67 0.788209 0.756008 1.04259
68 0.751133 0.762439 0.985171
69 0.713047 0.768436 0.92792
70 0.673999 0.773992 0.870809
71 0.634037 0.779102 0.813804
72 0.593207 0.783762 0.756871
73 0.551561 0.787967 0.69998
74 0.50915 0.791714 0.643098
75 0.466023 0.795 0.586193
76 0.422236 0.797821 0.529236
77 0.377839 0.800177 0.472195
78 0.332888 0.802065 0.415039
79 0.287437 0.803486 0.357738
80 0.241542 0.804438 0.300262
81 0.195256 0.804923 0.242577
82 0.148638 0.804941 0.184657
83 0.101743 0.804494 0.126469
84 0.0546282 0.803584 0.0679807
85 0.00735154 0.802213 0.00916408
86 0.578355 0.822988 0.702751
87 0.530846 0.831517 0.638407
88 0.482973 0.839587 0.57525
89 0.434792 0.847191 0.513217
90 0.435282 0.851662 0.511097
# cl_max 3.26214 at 41 deg
# cd_min 0.0048868 at -11 deg
# ld_max 6.53003 at 2 deg
