-15 -1.00912 0.0308628 -32.6972
-14 -0.803675 -0.00150797 532.951
-13 -0.674114 -0.00165234 407.976
-12 -0.71509 0.0134806 -53.0458
-11 -0.760456 0.0269545 -28.2125
-10 -0.698633 0.0254705 -27.4291
-9 -0.613438 0.0216831 -28.291
-8 -0.527359 0.0187457 -28.1322
-7 -0.440499 0.0166632 -26.4355
-6 -0.352963 0.0154395 -22.861
-5 -0.679428 -0.011317 60.0358
-4 -0.831482 -0.0120788 68.8382
-3 -0.618292 -0.00808103 76.5116
-2 -0.404511 -0.00188594 214.488
-1 -0.190397 0.00650032 -29.2904
0 0.0237916 0.0170692 1.39384
1 0.167038 0.0350914 4.76007
2 0.405168 0.0479111 8.45666
3 0.642703 0.0631248 10.1815
4 0.879355 0.0807153 10.8945
5 1.11484 0.100663 11.0749
6 1.34886 0.122946 10.9712
7 1.58115 0.147538 10.7169
8 1.81142 0.174411 10.3859
9 2.03938 0.203535 10.0198
10 2.26477 0.234875 9.64244
11 2.48731 0.268396 9.26729
12 2.70672 0.304058 8.90197
13 2.92154 0.349336 8.3631
14 3.13201 0.399041 7.84884
15 3.28224 0.441141 7.44034
16 3.14524 0.437578 7.18785
17 2.75427 0.390372 7.0555
18 2.22605 0.313152 7.10854
19 1.665 0.214287 7.76993
20 1.45949 0.185365 7.87359
21 1.58536 0.228323 6.94351
22 1.66121 0.253944 6.54163
23 1.7248 0.276992 6.22689
24 1.78608 0.300521 5.9433
25 1.84499 0.324502 5.68561
26 1.90145 0.348909 5.44971
27 1.9554 0.373713 5.23237
28 2.00678 0.398886 5.03097
29 2.05552 0.424397 4.8434
30 2.10158 0.450218 4.6679
31 2.14489 0.47632 4.50304
32 2.1854 0.502671 4.34758
33 2.22308 0.529242 4.2005
34 2.25787 0.556002 4.06091
35 2.28975 0.582919 3.92807
36 2.31866 0.609964 3.8013
37 2.34458 0.637106 3.68005
38 2.36748 0.664312 3.56381
39 2.38734 0.691553 3.45215
40 2.40413 0.718797 3.34466
41 2.41784 0.746013 3.24102
42 2.42845 0.773169 3.1409
43 2.43595 0.800236 3.04403
44 2.44033 0.827182 2.95017
45 2.44159 0.853977 2.85908
46 2.43974 0.880591 2.77057
47 2.43477 0.906992 2.68445
48 2.4267 0.933153 2.60054
49 2.41554 0.959043 2.5187
50 2.4013 0.984633 2.43877
51 2.384 1.00989 2.36064
52 2.36366 1.0348 2.28417
53 2.34032 1.05932 2.20927
54 2.31401 1.08343 2.13581
55 2.28475 1.1071 2.06372
56 2.25258 1.13031 1.99289
57 2.21755 1.15303 1.92324
58 2.1797 1.17523 1.8547
59 2.13908 1.19689 1.78719
60 2.09574 1.218 1.72065
61 2.04974 1.23851 1.655
62 2.00112 1.25842 1.59018
63 1.94996 1.2777 1.52615
64 1.89631 1.29633 1.46283
65 1.84025 1.31429 1.40018
66 1.78184 1.33157 1.33815
67 1.72116 1.34814 1.27669
68 1.65827 1.36398 1.21576
69 1.59327 1.37909 1.15531
70 1.52622 1.39344 1.09529
71 1.45722 1.40702 1.03568
72 1.38635 1.41983 0.976421
73 1.31369 1.43183 0.917488
74 1.23933 1.44303 0.858838
75 1.16337 1.45342 0.800439
76 1.0859 1.46297 0.742255
77 1.00701 1.4717 0.684252
78 0.926809 1.47958 0.626399
79 0.845384 1.48662 0.568663
80 0.762839 1.4928 0.511013
81 0.679275 1.49812 0.453417
82 0.594795 1.50258 0.395848
83 0.5095 1.50619 0.338272
84 0.423497 1.50892 0.280662
85 0.336891 1.5108 0.222989
86 0.249787 1.51181 0.165224
87 0.162291 1.51196 0.107338
88 0.0745109 1.51125 0.0493043
89 -0.0134467 1.50969 -0.00890696
90 0.524082 1.48471 0.352987
# cl_max 3.28224 at 15 deg
# cd_min -0.0120788 at -4 deg
# ld_max 532.951 at -14 deg
