This aircraft uses yasim version '2017.2'
-15 -1.92261 0.199099 -9.65654
-14 -2.11884 0.208765 -10.1494
-13 -2.22841 0.20881 -10.672
-12 -2.38332 0.235902 -10.103
-11 -2.48811 0.263569 -9.44006
-10 -2.37166 0.245133 -9.67499
-9 -2.15479 0.208054 -10.3569
-8 -1.93445 0.172865 -11.1905
-7 -1.71086 0.139621 -12.2536
-6 -1.48431 0.108378 -13.6956
-5 -1.25473 0.0826576 -15.1798
-4 -1.02176 0.0744056 -13.7323
-3 -0.787261 0.0684504 -11.5012
-2 -0.551526 0.0647473 -8.51814
-1 -0.314831 0.0633189 -4.97215
0 -0.0774596 0.0641858 -1.2068
1 0.160305 0.0673662 2.37961
2 0.398175 0.0728751 5.46379
3 0.635862 0.0807254 7.87685
4 0.873077 0.0909264 9.60202
5 1.10953 0.103485 10.7217
6 1.34493 0.118405 11.3587
7 1.57899 0.135687 11.637
8 1.81142 0.155328 11.6619
9 2.04193 0.177323 11.5153
10 2.27023 0.201662 11.2576
11 2.49603 0.228332 10.9316
12 2.71905 0.257317 10.5669
13 2.93766 0.294444 9.97697
14 3.15177 0.33762 9.33527
15 3.30665 0.37453 8.82878
16 3.17759 0.372286 8.53533
17 2.79686 0.332278 8.41723
18 2.28705 0.268196 8.52754
19 1.73443 0.186075 9.32113
20 1.52365 0.159209 9.5701
21 1.65694 0.194759 8.50763
22 1.74302 0.219438 7.9431
23 1.81067 0.240953 7.51462
24 1.87597 0.263071 7.13105
25 1.93885 0.285768 6.78471
26 1.99922 0.309016 6.46964
27 2.05701 0.33279 6.18113
28 2.11215 0.357059 5.91541
29 2.16456 0.381794 5.66944
30 2.21417 0.406965 5.44068
31 2.26093 0.432541 5.22708
32 2.30476 0.458488 5.02688
33 2.34563 0.484774 4.8386
34 2.38346 0.511365 4.66098
35 2.41823 0.538226 4.49295
36 2.44987 0.565323 4.33357
37 2.47835 0.592618 4.18204
38 2.50364 0.620077 4.03762
39 2.5257 0.647662 3.89971
40 2.5445 0.675336 3.76776
41 2.56002 0.703062 3.64125
42 2.57225 0.730802 3.51976
43 2.58116 0.758518 3.4029
44 2.58675 0.786173 3.29031
45 2.58901 0.813728 3.18167
46 2.58794 0.841148 3.07668
47 2.58355 0.868393 2.97509
48 2.57583 0.895426 2.87666
49 2.56481 0.922209 2.78116
50 2.5505 0.948707 2.68839
51 2.53292 0.974883 2.59817
52 2.51209 1.0007 2.51032
53 2.48805 1.02613 2.42469
54 2.46083 1.05113 2.34112
55 2.43046 1.07567 2.25948
56 2.397 1.09972 2.17965
57 2.36048 1.12324 2.10149
58 2.32096 1.14621 2.0249
59 2.27849 1.16859 1.94978
60 2.23313 1.19036 1.87602
61 2.18495 1.21148 1.80353
62 2.134 1.23194 1.73223
63 2.08036 1.2517 1.66203
64 2.0241 1.27075 1.59285
65 1.9653 1.28905 1.52461
66 1.90403 1.30659 1.45725
67 1.84038 1.32335 1.39069
68 1.77444 1.33932 1.32488
69 1.70628 1.35446 1.25975
70 1.63601 1.36877 1.19524
71 1.56371 1.38223 1.13129
72 1.48949 1.39484 1.06786
73 1.41343 1.40657 1.00488
74 1.33565 1.41743 0.942304
75 1.25623 1.42739 0.880089
76 1.17529 1.43647 0.818185
77 1.09294 1.44464 0.756547
78 1.00927 1.45191 0.695131
79 0.924391 1.45827 0.633895
80 0.838421 1.46373 0.572797
81 0.751466 1.46829 0.511797
82 0.663638 1.47194 0.450858
83 0.575047 1.4747 0.389941
84 0.485806 1.47657 0.329011
85 0.396029 1.47754 0.268032
86 0.305827 1.47765 0.206969
87 0.215313 1.47688 0.145789
88 0.1246 1.47525 0.0844603
89 0.0338007 1.47278 0.0229503
90 0.558688 1.46947 0.380196
# cl_max 3.30665 at 15 deg
# cd_min 0.0633189 at -1 deg
# ld_max 11.6619 at 8 deg
