-15 0.133963 0.0374647 3.57572
-14 0.171902 0.0403866 4.25641
-13 0.0691622 0.0293532 2.35621
-12 -0.270958 0.00453351 -59.7678
-11 -0.422168 0.00207699 -203.259
-10 -0.334323 0.00916121 -36.4933
-9 -0.211058 0.0157116 -13.4332
-8 -0.0872693 0.0235544 -3.70502
-7 0.0368891 0.0326841 1.12865
-6 0.161268 0.0430937 3.74225
-5 0.285716 0.0547742 5.21625
-4 0.410081 0.0677157 6.05593
-3 0.534214 0.0819061 6.52227
-2 0.657961 0.0973321 6.75996
-1 0.738115 0.114781 6.43065
0 0.871104 0.132267 6.58594
1 1.0033 0.151049 6.64219
2 1.13453 0.171107 6.63052
3 1.26464 0.19242 6.57227
4 1.39347 0.214967 6.48223
5 1.52086 0.238724 6.37079
6 1.64665 0.263665 6.24524
7 1.77069 0.289764 6.11081
8 1.89262 0.318466 5.94293
9 2.01241 0.348538 5.77386
10 2.12992 0.379664 5.61001
11 2.24502 0.411813 5.45157
12 2.35757 0.444947 5.29854
13 2.46742 0.47903 5.15087
14 2.55745 0.509845 5.01614
15 2.56718 0.521594 4.92179
16 2.51527 0.517557 4.85989
17 2.4399 0.506767 4.81464
18 2.35799 0.495034 4.76329
19 2.2857 0.488329 4.68065
20 2.27793 0.500407 4.55215
21 2.34008 0.530557 4.4106
22 2.43359 0.568523 4.28055
23 2.52732 0.607999 4.15679
24 2.61604 0.647851 4.03803
25 2.69487 0.686893 3.92328
26 2.76124 0.724359 3.81198
27 2.82252 0.761871 3.70472
28 2.87993 0.799688 3.60132
29 2.93342 0.837765 3.50148
30 2.9829 0.876057 3.40492
31 3.02833 0.914516 3.3114
32 3.06964 0.953097 3.2207
33 3.10679 0.991755 3.13262
34 3.13974 1.03044 3.04698
35 3.16845 1.06912 2.96362
36 3.19288 1.10772 2.88237
37 3.213 1.14623 2.80311
38 3.22879 1.18457 2.72569
39 3.24023 1.22272 2.65001
40 3.2473 1.26062 2.57595
41 3.25001 1.29823 2.50341
42 3.24835 1.33551 2.43229
43 3.24231 1.37241 2.3625
44 3.23191 1.40888 2.29396
45 3.21717 1.44489 2.22659
46 3.1981 1.48038 2.16031
47 3.17472 1.51533 2.09507
48 3.14706 1.54968 2.03078
49 3.11516 1.5834 1.96738
50 3.07906 1.61645 1.90483
51 3.0388 1.64878 1.84305
52 2.99443 1.68037 1.78201
53 2.94601 1.71116 1.72164
54 2.89359 1.74113 1.6619
55 2.83724 1.77025 1.60274
56 2.77704 1.79847 1.54411
57 2.71304 1.82576 1.48598
58 2.64534 1.85209 1.4283
59 2.56373 1.86801 1.37244
60 1.04149 0.706605 1.47393
61 0.986906 0.701874 1.4061
62 0.956994 0.710741 1.34647
63 0.925825 0.719225 1.28725
64 0.893439 0.727317 1.2284
65 0.859872 0.735007 1.16988
66 0.825169 0.742289 1.11165
67 0.78937 0.749155 1.05368
68 0.75252 0.755597 0.995928
69 0.714663 0.76161 0.938359
70 0.675846 0.767187 0.880941
71 0.636116 0.772324 0.823639
72 0.595522 0.777015 0.766423
73 0.554112 0.781257 0.709257
74 0.511937 0.785045 0.652112
75 0.469049 0.788376 0.594956
76 0.425499 0.791249 0.537757
77 0.381342 0.79366 0.480485
78 0.336629 0.795609 0.423109
79 0.291417 0.797096 0.365598
80 0.245759 0.798118 0.307923
81 0.19971 0.798677 0.250051
82 0.153328 0.798775 0.191954
83 0.106667 0.79841 0.133599
84 0.0597844 0.797587 0.0749565
85 0.0127373 0.796308 0.0159954
86 0.581141 0.817076 0.711244
87 0.573214 0.823442 0.69612
88 0.525665 0.832251 0.631619
89 0.477783 0.8406 0.568383
90 0.429626 0.848482 0.506347
# cl_max 3.25001 at 41 deg
# cd_min 0.00207699 at -11 deg
# ld_max 6.75996 at -2 deg
