This aircraft uses yasim version '2017.2'
-15 0.0215376 0.0443346 0.485797
-14 0.0135924 0.0547508 0.248259
-13 -0.127933 0.0466144 -2.74448
-12 -0.474578 0.0171365 -27.694
-11 -0.610008 0.0110926 -54.9925
-10 -0.509082 0.0177693 -28.6495
-9 -0.373209 0.0242516 -15.389
-8 -0.236691 0.0321256 -7.36769
-7 -0.0996955 0.0413829 -2.4091
-6 0.0376108 0.0520128 0.723106
-5 0.17506 0.0640028 2.7352
-4 0.312486 0.0773392 4.04045
-3 0.449721 0.0920063 4.88794
-2 0.586598 0.107987 5.43214
-1 0.722952 0.125262 5.77154
0 0.858616 0.143811 5.97046
1 0.993426 0.163612 6.07183
2 1.12722 0.184642 6.10487
3 1.25983 0.206877 6.08975
4 1.3911 0.23029 6.04064
5 1.52086 0.254853 5.96761
6 1.64897 0.280538 5.87789
7 1.77519 0.307686 5.7695
8 1.89917 0.337118 5.63355
9 2.02098 0.367565 5.4983
10 2.14047 0.39899 5.36471
11 2.25031 0.429524 5.23907
12 2.25656 0.435701 5.17914
13 2.10501 0.408489 5.15316
14 1.85322 0.359552 5.15425
15 1.56562 0.299509 5.22728
16 1.37943 0.259238 5.32108
17 1.25062 0.224296 5.57577
18 1.1145 0.188925 5.89917
19 0.991308 0.161367 6.14317
20 0.936941 0.154505 6.06414
21 0.959314 0.164834 5.81986
22 1.00814 0.179753 5.60851
23 1.05836 0.195506 5.41344
24 1.10506 0.2113 5.22984
25 1.14369 0.226266 5.05462
26 1.17304 0.240035 4.88693
27 1.20027 0.253826 4.72869
28 1.22592 0.267726 4.57902
29 1.24998 0.28172 4.43694
30 1.2724 0.295793 4.30167
31 1.29317 0.309928 4.17249
32 1.31226 0.32411 4.04882
33 1.32965 0.338325 3.93011
34 1.34532 0.352555 3.81593
35 1.35926 0.366786 3.70585
36 1.37143 0.381002 3.59954
37 1.38184 0.395188 3.49668
38 1.39048 0.409329 3.39697
39 1.39732 0.423409 3.30017
40 1.40237 0.437413 3.20606
41 1.40562 0.451326 3.11442
42 1.40707 0.465134 3.02507
43 1.40671 0.478821 2.93785
44 1.40454 0.492374 2.85259
45 1.40058 0.505777 2.76916
46 1.39482 0.519016 2.68743
47 1.38727 0.532078 2.60727
48 1.37794 0.544949 2.52857
49 1.36685 0.557614 2.45125
50 1.354 0.570062 2.37519
51 1.33942 0.582278 2.30031
52 1.32311 0.594249 2.22653
53 1.30511 0.605964 2.15377
54 1.28542 0.61741 2.08196
55 1.26408 0.628575 2.01103
56 1.24111 0.639446 1.94092
57 1.21654 0.650014 1.87156
58 1.1904 0.660265 1.80291
59 1.16271 0.670192 1.7349
60 1.13352 0.67978 1.66748
61 1.10285 0.689023 1.60061
62 1.07075 0.69791 1.53423
63 1.03725 0.70643 1.4683
64 1.00239 0.714576 1.40278
65 0.966217 0.722339 1.33762
66 0.928768 0.729711 1.27279
67 0.890091 0.736684 1.20824
68 0.850232 0.74325 1.14394
69 0.809238 0.749404 1.07984
70 0.767159 0.755139 1.01592
71 0.724045 0.760448 0.952129
72 0.679948 0.765326 0.888442
73 0.63492 0.769768 0.82482
74 0.589016 0.77377 0.761228
75 0.54229 0.777328 0.697633
76 0.494799 0.780437 0.634003
77 0.4466 0.783096 0.570301
78 0.39775 0.785301 0.506494
79 0.34831 0.787051 0.442551
80 0.298338 0.788343 0.378437
81 0.247894 0.789177 0.314117
82 0.197039 0.789554 0.249558
83 0.145834 0.789471 0.184723
84 0.0943435 0.788931 0.119584
85 0.0426256 0.787935 0.0540979
86 0.593224 0.790215 0.750711
87 0.577824 0.799284 0.722927
88 0.525734 0.808092 0.650586
89 0.473283 0.816445 0.579687
90 0.420534 0.824334 0.51015
# cl_max 2.25656 at 12 deg
# cd_min 0.0110926 at -11 deg
# ld_max 6.14317 at 19 deg
