This aircraft uses yasim version 'YASIM_VERSION_CURRENT'
-15 -3.05795 1.59575 -1.91631
-14 -4.28385 2.08701 -2.05262
-13 -5.85423 2.1137 -2.76966
-12 -7.05393 2.04659 -3.44668
-11 -6.78941 1.98102 -3.42722
-10 -6.21893 1.90656 -3.26187
-9 -5.63985 1.83675 -3.07056
-8 -5.05287 1.77171 -2.85198
-7 -4.4587 1.71152 -2.60512
-6 -3.85808 1.65626 -2.32939
-5 -3.25174 1.60603 -2.0247
-4 -2.64042 1.5609 -1.6916
-3 -2.02486 1.52094 -1.33133
-2 -1.40584 1.4862 -0.94593
-1 -0.784104 1.45675 -0.538255
0 -0.160422 1.43264 -0.111977
1 0.464436 1.41391 0.328477
2 1.0897 1.40059 0.778028
3 1.71459 1.39273 1.2311
4 2.33834 1.39033 1.68186
5 2.96017 1.39343 2.12438
6 3.57931 1.40202 2.55297
7 4.19499 1.41611 2.96233
8 4.80644 1.4357 3.34781
9 5.41289 1.46077 3.70552
10 6.0136 1.4913 4.03245
11 6.60781 1.52727 4.32653
12 7.19476 1.56865 4.58659
13 7.77372 1.61539 4.81229
14 8.34398 1.66744 5.00405
15 8.5336 1.65672 5.15091
16 5.6526 1.09477 5.16326
17 3.17967 0.790099 4.0244
18 3.36165 0.81017 4.14931
19 4.00953 0.771069 5.19997
20 4.96779 1.01888 4.87573
21 5.58937 1.26717 4.41091
22 5.74654 1.33689 4.29843
23 5.89634 1.40721 4.19008
24 6.03908 1.47826 4.08525
25 6.17457 1.54996 3.9837
26 6.30263 1.62222 3.88519
27 6.4231 1.69497 3.78951
28 6.53582 1.76812 3.69648
29 6.64063 1.84159 3.60592
30 6.73739 1.9153 3.51767
31 6.82598 1.98916 3.43158
32 6.90626 2.06309 3.34753
33 6.97813 2.13701 3.26538
34 7.04148 2.21081 3.18502
35 7.09622 2.28443 3.10634
36 7.14227 2.35778 3.02923
37 7.17955 2.43076 2.95362
38 7.20802 2.5033 2.87941
39 7.2276 2.5753 2.80651
40 7.23827 2.64669 2.73484
41 7.24 2.71737 2.66434
42 7.23277 2.78727 2.59493
43 7.21656 2.8563 2.52655
44 7.19139 2.92437 2.45912
45 7.15726 2.99141 2.39261
46 7.11421 3.05733 2.32694
47 7.06227 3.12206 2.26205
48 7.00148 3.18552 2.19791
49 6.9319 3.24763 2.13445
50 6.85361 3.30831 2.07163
51 6.76667 3.3675 2.0094
52 6.67118 3.42512 1.94772
53 6.56713 3.48118 1.88646
54 6.4545 3.53571 1.82552
55 6.33365 3.58844 1.76502
56 6.20473 3.63931 1.70492
57 6.06786 3.68827 1.64518
58 5.9232 3.73524 1.58576
59 5.7709 3.78018 1.52662
60 5.61115 3.82304 1.46772
61 5.44411 3.86376 1.40902
62 5.26997 3.90229 1.35048
63 5.08892 3.9386 1.29206
64 4.90118 3.97264 1.23373
65 4.70694 4.00436 1.17545
66 4.50644 4.03374 1.11719
67 4.2999 4.06073 1.0589
68 4.08754 4.08532 1.00054
69 3.86963 4.10746 0.942096
70 3.64639 4.12715 0.883513
71 3.41809 4.14434 0.82476
72 3.18498 4.15903 0.765798
73 2.94734 4.1712 0.706592
74 2.70543 4.18085 0.6471
75 2.45953 4.18795 0.587287
76 2.20992 4.19251 0.527112
77 1.95689 4.19451 0.466535
78 1.70072 4.19397 0.405515
79 1.44171 4.19089 0.344011
80 1.18016 4.18527 0.28198
81 0.916365 4.17713 0.219377
82 0.650625 4.16647 0.156157
83 0.383244 4.15332 0.0922742
84 0.114529 4.13769 0.0276793
85 -0.155211 4.11961 -0.0376761
86 -0.425673 4.0991 -0.103845
87 -0.696545 4.07619 -0.170881
88 -0.96752 4.05091 -0.23884
89 -1.23829 4.0233 -0.307779
90 1.93768 3.9934 0.485221
# cl_max 8.5336 at 15 deg
# cd_min 0.771069 at 19 deg
# ld_max 5.19997 at 19 deg
