This aircraft uses yasim version 'YASIM_VERSION_ORIGINAL'
-15 -2.06481 1.28482 -1.60708
-14 -2.57599 1.49912 -1.71833
-13 -3.89852 1.45682 -2.67604
-12 -5.21858 1.42999 -3.64938
-11 -5.065 1.40537 -3.60403
-10 -4.60466 1.37516 -3.34846
-9 -4.13891 1.34906 -3.06798
-8 -3.66831 1.32712 -2.7641
-7 -3.19344 1.30937 -2.43892
-6 -2.71491 1.29583 -2.09511
-5 -2.23331 1.28653 -1.73592
-4 -1.74923 1.28148 -1.365
-3 -1.31448 1.29422 -1.01565
-2 -1.21318 1.39682 -0.86853
-1 -0.600484 1.37043 -0.438173
0 0.0137031 1.34955 0.0101539
1 0.628623 1.33421 0.471159
2 1.24351 1.32443 0.938901
3 1.85759 1.32023 1.40702
4 2.47012 1.32161 1.86902
5 3.08032 1.32858 2.3185
6 3.68743 1.34112 2.74951
7 4.29071 1.35923 3.15672
8 4.8894 1.38288 3.53567
9 5.48276 1.41204 3.88286
10 6.07004 1.44668 4.19584
11 6.6505 1.48675 4.47319
12 7.22345 1.5322 4.71442
13 7.78813 1.58298 4.91991
14 8.34387 1.63903 5.09075
15 8.5135 1.63719 5.20007
16 5.57573 1.10374 5.05169
17 3.01136 0.799253 3.76772
18 3.29817 0.803468 4.10492
19 4.02914 0.75855 5.31163
20 4.9788 1.12316 4.43287
21 5.42695 1.32262 4.10318
22 5.56676 1.39358 3.99458
23 5.69987 1.46526 3.89001
24 5.82611 1.53758 3.78915
25 5.94532 1.61046 3.69169
26 6.05736 1.68382 3.59738
27 6.16206 1.75758 3.50599
28 6.25931 1.83166 3.41728
29 6.34895 1.90597 3.33109
30 6.43089 1.98043 3.24722
31 6.50501 2.05495 3.16553
32 6.57121 2.12946 3.08586
33 6.62938 2.20386 3.00808
34 6.67947 2.27808 2.93206
35 6.72137 2.35202 2.8577
36 6.75505 2.42561 2.78489
37 6.78044 2.49876 2.71353
38 6.79749 2.57138 2.64352
39 6.80618 2.6434 2.57478
40 6.80647 2.71474 2.50723
41 6.79836 2.78531 2.44079
42 6.78184 2.85503 2.3754
43 6.75692 2.92383 2.31099
44 6.7236 2.99161 2.24748
45 6.68192 3.05832 2.18484
46 6.6319 3.12386 2.12298
47 6.57361 3.18817 2.06187
48 6.50707 3.25117 2.00145
49 6.43238 3.31279 1.94168
50 6.34959 3.37297 1.88249
51 6.25878 3.43162 1.82386
52 6.16007 3.48868 1.76573
53 6.05342 3.54418 1.70799
54 5.93884 3.59813 1.65053
55 5.81667 3.65028 1.59349
56 5.68707 3.70058 1.53681
57 5.55016 3.74895 1.48046
58 5.40609 3.79536 1.4244
59 5.25502 3.83974 1.36859
60 5.09712 3.88206 1.31299
61 4.93255 3.92225 1.25758
62 4.7615 3.96029 1.20231
63 4.58415 3.99611 1.14715
64 4.4007 4.02969 1.09207
65 4.21135 4.06099 1.03702
66 4.01631 4.08997 0.98199
67 3.81581 4.11661 0.92693
68 3.61005 4.14086 0.871811
69 3.39927 4.16271 0.816601
70 3.18371 4.18213 0.761265
71 2.9636 4.1991 0.705771
72 2.7392 4.21359 0.650086
73 2.51075 4.22561 0.594175
74 2.27851 4.23513 0.538003
75 2.04274 4.24214 0.481536
76 1.80371 4.24664 0.424738
77 1.56168 4.24862 0.367574
78 1.31693 4.24808 0.310006
79 1.06973 4.24502 0.251997
80 0.820368 4.23946 0.193508
81 0.569115 4.23139 0.134498
82 0.316257 4.22083 0.0749278
83 0.0620815 4.20778 0.014754
84 -0.193126 4.19228 -0.0460671
85 -0.449075 4.17433 -0.10758
86 -0.705481 4.15396 -0.169833
87 -0.96205 4.13119 -0.232875
88 -1.2185 4.10604 -0.296757
89 -1.47453 4.07856 -0.361531
90 1.77909 4.00869 0.443808
# cl_max 8.5135 at 15 deg
# cd_min 0.75855 at 19 deg
# ld_max 5.31163 at 19 deg
