This aircraft uses yasim version 'YASIM_VERSION_ORIGINAL'
-15 2.39673 0.899632 2.66412
-14 1.85195 1.07687 1.71975
-13 0.55525 1.20794 0.459667
-12 -0.783351 1.20075 -0.652384
-11 -1.87755 1.17656 -1.59579
-10 -2.16466 1.14166 -1.89607
-9 -1.76338 1.11084 -1.58743
-8 -0.914987 1.08432 -0.843835
-7 0.0611755 1.06619 0.0573776
-6 1.04454 1.05807 0.987216
-5 2.03313 1.06001 1.91803
-4 3.02574 1.07205 2.82238
-3 4.02115 1.09422 3.67489
-2 5.01815 1.12654 4.45449
-1 6.01552 1.16899 5.1459
0 7.01203 1.22158 5.74013
1 8.00646 1.28427 6.23424
2 8.99758 1.35703 6.63033
3 9.98417 1.43982 6.93434
4 10.965 1.53255 7.15472
5 11.9389 1.63518 7.30127
6 12.9046 1.74759 7.38418
7 13.8609 1.86971 7.41338
8 14.8066 2.00141 7.39808
9 15.7406 2.14257 7.34658
10 16.6616 2.29306 7.26611
11 17.5686 2.45273 7.16287
12 18.4603 2.62142 7.04209
13 19.28 2.79511 6.89778
14 20.0651 2.97427 6.74624
15 20.5779 3.14958 6.53353
16 20.5773 3.27529 6.2826
17 19.9791 3.30557 6.04407
18 18.6483 3.17424 5.87487
19 17.1121 3.01991 5.66645
20 15.6597 2.90747 5.38601
21 14.4775 2.8664 5.05074
22 13.2968 2.75918 4.81911
23 12.5239 2.69292 4.65066
24 12.2381 2.71734 4.5037
25 12.2921 2.80753 4.37825
26 12.437 2.92178 4.25664
27 12.5775 3.03889 4.13883
28 12.7066 3.15697 4.02492
29 12.824 3.27589 3.91466
30 12.9296 3.39554 3.80782
31 13.0232 3.51578 3.70421
32 13.1046 3.63651 3.60363
33 13.1738 3.75759 3.50591
34 13.2304 3.87889 3.41087
35 13.2744 4.0003 3.31836
36 13.3058 4.12168 3.22824
37 13.3244 4.24292 3.14038
38 13.329 4.36362 3.05457
39 13.3059 4.48031 2.96985
40 13.2545 4.59235 2.88621
41 13.1806 4.7007 2.80397
42 13.0917 4.80695 2.72348
43 12.9969 4.91348 2.64516
44 12.9078 5.02366 2.56941
45 12.822 5.13719 2.49593
46 12.7236 5.24946 2.42378
47 12.6123 5.36034 2.3529
48 12.4884 5.46969 2.2832
49 12.3519 5.57741 2.21463
50 12.2029 5.68338 2.14712
51 12.0415 5.78748 2.0806
52 11.8677 5.8896 2.01503
53 11.6819 5.98964 1.95034
54 11.484 6.08749 1.88649
55 11.2743 6.18303 1.82342
56 11.0529 6.27617 1.76109
57 10.82 6.3668 1.69944
58 10.5759 6.45483 1.63844
59 10.3207 6.54017 1.57804
60 10.0546 6.62271 1.5182
61 9.77796 6.70237 1.45888
62 9.49096 6.77907 1.40004
63 9.19388 6.8527 1.34164
64 8.88699 6.92321 1.28365
65 8.57058 6.99051 1.22603
66 8.24494 7.05452 1.16874
67 7.91037 7.11518 1.11176
68 7.56721 7.17242 1.05504
69 7.21577 7.22618 0.99856
70 6.8564 7.27639 0.942281
71 6.48944 7.32301 0.886171
72 6.11523 7.36597 0.8302
73 5.73417 7.40524 0.774339
74 5.34659 7.44076 0.718554
75 4.95289 7.4725 0.662815
76 4.55345 7.50042 0.607093
77 4.14867 7.5245 0.551356
78 3.73895 7.5447 0.495573
79 3.32468 7.561 0.439715
80 2.90628 7.57338 0.38375
81 2.48416 7.58183 0.327647
82 2.05874 7.58633 0.271375
83 1.63045 7.58689 0.214903
84 1.1997 7.58348 0.158199
85 0.766928 7.57614 0.101229
86 0.332564 7.56485 0.0439618
87 -0.102958 7.54963 -0.0136375
88 -0.539207 7.53049 -0.0716032
89 -0.975747 7.50745 -0.12997
90 1.49159 7.45456 0.200091
# cl_max 20.5779 at 15 deg
# cd_min 0.899632 at -15 deg
# ld_max 7.41338 at 7 deg
