This aircraft uses yasim version '2017.2'
-15 1.91255 0.847899 2.25563
-14 1.56018 0.967852 1.612
-13 0.190738 1.14411 0.166712
-12 -1.07382 1.15861 -0.926816
-11 -2.11898 1.16516 -1.81861
-10 -2.37301 1.15412 -2.05613
-9 -1.95524 1.12991 -1.73044
-8 -1.10133 1.09352 -1.00714
-7 -0.121894 1.0597 -0.115027
-6 0.865829 1.0353 0.836311
-5 1.8599 1.02048 1.82258
-4 2.85913 1.01534 2.81593
-3 3.86231 1.01998 3.78665
-2 4.86823 1.03447 4.706
-1 5.87566 1.05888 5.54892
0 6.88338 1.09327 6.29613
1 7.89015 1.13768 6.9353
2 8.89473 1.19214 7.46116
3 9.89588 1.25667 7.8747
4 10.8923 1.33127 8.18191
5 11.8829 1.41594 8.3922
6 12.8663 1.51066 8.51696
7 13.8412 1.6154 8.56832
8 14.8066 1.73009 8.55824
9 15.761 1.8547 8.49791
10 16.7034 1.98912 8.39738
11 17.6325 2.13329 8.26543
12 18.5471 2.28708 8.10952
13 19.446 2.45039 7.93591
14 20.2861 2.61869 7.74667
15 20.8321 2.78775 7.47271
16 20.8712 2.90851 7.1759
17 20.3284 2.94933 6.89256
18 19.0762 2.8498 6.69388
19 17.5206 2.70319 6.48147
20 16.0358 2.59626 6.17651
21 14.8747 2.57772 5.77049
22 13.8099 2.52871 5.46122
23 13.0633 2.48624 5.25423
24 12.8023 2.52309 5.07405
25 12.8814 2.61672 4.92274
26 13.0509 2.73229 4.77655
27 13.2153 2.85096 4.63537
28 13.3674 2.97099 4.49931
29 13.5071 3.09224 4.36806
30 13.6341 3.21459 4.24132
31 13.7482 3.33789 4.11882
32 13.8491 3.46201 4.00032
33 13.9368 3.58682 3.88556
34 14.011 3.71216 3.77436
35 14.0716 3.8379 3.66649
36 14.1185 3.9639 3.56176
37 14.1514 4.09 3.46
38 14.1683 4.21557 3.36094
39 14.1419 4.33384 3.26314
40 14.0713 4.44364 3.16661
41 13.9678 4.54697 3.0719
42 13.8462 4.64709 2.97954
43 13.7246 4.74878 2.89014
44 13.6256 4.85874 2.80436
45 13.5447 4.97651 2.72172
46 13.4501 5.09312 2.64084
47 13.3418 5.20835 2.56162
48 13.2198 5.32208 2.48396
49 13.0842 5.43416 2.40778
50 12.9351 5.54444 2.33299
51 12.7727 5.65282 2.25952
52 12.5969 5.75913 2.1873
53 12.4081 5.86327 2.11624
54 12.2063 5.9651 2.04629
55 11.9917 6.0645 1.97737
56 11.7646 6.16134 1.90942
57 11.5251 6.25552 1.84239
58 11.2735 6.3469 1.77621
59 11.0099 6.4354 1.71084
60 10.7347 6.52089 1.6462
61 10.4481 6.60328 1.58226
62 10.1505 6.68248 1.51897
63 9.84197 6.75837 1.45626
64 9.52298 6.83089 1.39411
65 9.19382 6.89995 1.33245
66 8.8548 6.96546 1.27124
67 8.50629 7.02735 1.21045
68 8.14862 7.08556 1.15003
69 7.78216 7.14002 1.08994
70 7.4073 7.19068 1.03013
71 7.02441 7.23748 0.970561
72 6.63389 7.28036 0.911203
73 6.23614 7.3193 0.852013
74 5.83157 7.35425 0.792952
75 5.4206 7.38519 0.733982
76 5.00365 7.41208 0.675066
77 4.58115 7.43492 0.616167
78 4.15355 7.45367 0.557248
79 3.72128 7.46835 0.498273
80 3.28478 7.47892 0.439206
81 2.84452 7.48542 0.380008
82 2.40094 7.48782 0.320646
83 1.9545 7.48617 0.261082
84 1.50567 7.48046 0.20128
85 1.05489 7.47072 0.141204
86 0.60264 7.45698 0.0808156
87 0.149374 7.43926 0.0200791
88 -0.304445 7.41761 -0.0410435
89 -0.758352 7.39207 -0.10259
90 1.61674 7.36269 0.219586
# cl_max 20.8712 at 16 deg
# cd_min 0.847899 at -15 deg
# ld_max 8.56832 at 7 deg
