This aircraft uses yasim version 'YASIM_VERSION_32'
-15 2.00284 0.840641 2.38251
-14 1.64496 0.961511 1.71081
-13 0.225603 1.1417 0.197603
-12 -1.07382 1.15861 -0.926816
-11 -2.11898 1.16516 -1.81861
-10 -2.37301 1.15412 -2.05613
-9 -1.95524 1.12991 -1.73044
-8 -1.10133 1.09352 -1.00714
-7 -0.121894 1.0597 -0.115027
-6 0.865829 1.0353 0.836311
-5 1.8599 1.02048 1.82258
-4 2.85913 1.01534 2.81593
-3 3.86231 1.01998 3.78665
-2 4.86823 1.03447 4.706
-1 5.87566 1.05888 5.54892
0 6.88338 1.09327 6.29613
1 7.89015 1.13768 6.9353
2 8.89473 1.19214 7.46116
3 9.89588 1.25667 7.8747
4 10.8923 1.33127 8.18191
5 11.8829 1.41594 8.3922
6 12.8663 1.51066 8.51696
7 13.8412 1.6154 8.56832
8 14.8066 1.73009 8.55824
9 15.761 1.8547 8.49791
10 16.7034 1.98912 8.39738
11 17.6325 2.13329 8.26543
12 18.547 2.28707 8.10949
13 19.3911 2.44658 7.92579
14 20.2013 2.61235 7.73302
15 20.7418 2.78049 7.45974
16 20.7755 2.90028 7.16327
17 20.2274 2.94006 6.87993
18 18.97 2.83945 6.68089
19 17.4095 2.6917 6.46782
20 15.9197 2.58358 6.16188
21 14.7539 2.56381 5.75468
22 13.6844 2.51351 5.44435
23 12.9334 2.4697 5.23683
24 12.6681 2.50517 5.05679
25 12.7431 2.59737 4.90616
26 12.9086 2.71147 4.76075
27 13.0692 2.82863 4.62032
28 13.2177 2.94711 4.48497
29 13.3539 3.06677 4.3544
30 13.4777 3.1875 4.2283
31 13.5887 3.30915 4.10641
32 13.6868 3.43158 3.98849
33 13.7719 3.55468 3.87429
34 13.8436 3.67828 3.7636
35 13.9019 3.80226 3.65623
36 13.9467 3.92647 3.55198
37 13.9778 4.05075 3.45067
38 13.9941 4.17474 3.35208
39 13.9819 4.29498 3.25542
40 13.9408 4.41079 3.16061
41 13.8763 4.52311 3.06787
42 13.7958 4.6335 2.97742
43 13.7085 4.74427 2.88949
44 13.6255 4.85871 2.80436
45 13.5447 4.97651 2.72172
46 13.4501 5.09312 2.64084
47 13.3418 5.20835 2.56162
48 13.2198 5.32208 2.48396
49 13.0842 5.43416 2.40778
50 12.9351 5.54444 2.33299
51 12.7727 5.65282 2.25952
52 12.5969 5.75913 2.1873
53 12.4081 5.86327 2.11624
54 12.2063 5.9651 2.04629
55 11.9917 6.0645 1.97737
56 11.7646 6.16134 1.90942
57 11.5251 6.25552 1.84239
58 11.2735 6.3469 1.77621
59 11.0099 6.4354 1.71084
60 10.7347 6.52089 1.6462
61 10.4481 6.60328 1.58226
62 10.1505 6.68248 1.51897
63 9.84197 6.75837 1.45626
64 9.52298 6.83089 1.39411
65 9.19382 6.89995 1.33245
66 8.8548 6.96546 1.27124
67 8.50629 7.02735 1.21045
68 8.14862 7.08556 1.15003
69 7.78216 7.14002 1.08994
70 7.4073 7.19068 1.03013
71 7.02441 7.23748 0.970561
72 6.63389 7.28036 0.911203
73 6.23614 7.3193 0.852013
74 5.83157 7.35425 0.792952
75 5.4206 7.38519 0.733982
76 5.00365 7.41208 0.675066
77 4.58115 7.43492 0.616167
78 4.15355 7.45367 0.557248
79 3.72128 7.46835 0.498273
80 3.28478 7.47892 0.439206
81 2.84452 7.48542 0.380008
82 2.40094 7.48782 0.320646
83 1.9545 7.48617 0.261082
84 1.50567 7.48046 0.20128
85 1.05489 7.47072 0.141204
86 0.60264 7.45698 0.0808156
87 0.149374 7.43926 0.0200791
88 -0.304445 7.41761 -0.0410435
89 -0.758352 7.39207 -0.10259
90 1.61674 7.36269 0.219586
# cl_max 20.7755 at 16 deg
# cd_min 0.840641 at -15 deg
# ld_max 8.56832 at 7 deg
