This aircraft uses yasim version 'YASIM_VERSION_32'
-15 -0.23889 -0.0198371 12.0426
-14 -0.170863 -0.019717 8.66578
-13 -0.102179 -0.0188537 5.41959
-12 -0.0329198 -0.0172477 1.90865
-11 0.0368297 -0.0148994 -2.47188
-10 0.106987 -0.0118107 -9.05849
-9 0.177467 -0.00798458 -22.2263
-8 0.248186 -0.00342483 -72.4665
-7 0.319055 0.00186432 171.137
-6 0.38999 0.00787678 49.5114
-5 0.397861 0.00735998 54.0573
-4 0.432459 0.0103198 41.9059
-3 0.520948 0.022783 22.8657
-2 0.652203 0.0381743 17.0849
-1 0.739253 0.0562639 13.139
0 0.887974 0.0736199 12.0616
1 1.0358 0.0924536 11.2035
2 1.18256 0.11274 10.4893
3 1.32807 0.134451 9.87772
4 1.47203 0.158632 9.27952
5 1.61435 0.184195 8.76434
6 1.75486 0.211085 8.31351
7 1.89339 0.239268 7.91327
8 2.02978 0.268708 7.55386
9 2.16386 0.299368 7.22812
10 2.29548 0.331209 6.93061
11 2.42447 0.364192 6.65712
12 2.55067 0.398275 6.40428
13 2.67275 0.433301 6.16835
14 2.70165 0.448894 6.01844
15 2.48512 0.40849 6.08366
16 2.1521 0.343579 6.26378
17 1.83864 0.284725 6.4576
18 1.51365 0.22596 6.69877
19 1.26752 0.192304 6.59122
20 1.27579 0.202158 6.31089
21 1.32461 0.220209 6.01521
22 1.37852 0.239521 5.75529
23 1.44268 0.260937 5.52883
24 1.50167 0.282422 5.31712
25 1.54486 0.302272 5.11083
26 1.5839 0.322062 4.91799
27 1.62085 0.342079 4.73824
28 1.65568 0.362299 4.56992
29 1.68834 0.382702 4.41164
30 1.71881 0.403262 4.26225
31 1.74704 0.423959 4.12077
32 1.773 0.444768 3.98635
33 1.79667 0.465668 3.85827
34 1.81803 0.486636 3.73591
35 1.83704 0.50765 3.61872
36 1.85351 0.528646 3.50615
37 1.86579 0.549231 3.3971
38 1.87647 0.569946 3.29236
39 1.88592 0.590883 3.19169
40 1.89295 0.611755 3.0943
41 1.89758 0.632539 2.99994
42 1.89978 0.653215 2.90835
43 1.89956 0.673761 2.81934
44 1.89692 0.694156 2.7327
45 1.89186 0.714379 2.64826
46 1.8844 0.734411 2.56586
47 1.87453 0.754228 2.48537
48 1.86228 0.773814 2.40663
49 1.84766 0.793146 2.32954
50 1.83069 0.812207 2.25397
51 1.81138 0.830974 2.17983
52 1.78976 0.84943 2.10702
53 1.76586 0.867558 2.03544
54 1.73971 0.885337 1.96502
55 1.71132 0.90275 1.89568
56 1.68075 0.919779 1.82734
57 1.64802 0.936406 1.75994
58 1.61318 0.952614 1.69342
59 1.57625 0.968387 1.62771
60 1.5373 0.983707 1.56276
61 1.49636 0.99856 1.49852
62 1.45348 1.01293 1.43492
63 1.40871 1.0268 1.37194
64 1.3621 1.04016 1.30951
65 1.31371 1.05298 1.24761
66 1.26359 1.06527 1.18617
67 1.21181 1.077 1.12517
68 1.15842 1.08817 1.06456
69 1.10349 1.09875 1.00432
70 1.04708 1.10874 0.944388
71 0.989252 1.11812 0.884744
72 0.930061 1.12687 0.825348
73 0.869424 1.13483 0.76613
74 0.807474 1.142 0.707068
75 0.744405 1.14851 0.648151
76 0.68043 1.15448 0.589383
77 0.61567 1.16001 0.530746
78 0.550018 1.16488 0.472165
79 0.483542 1.16908 0.413607
80 0.416321 1.17261 0.355039
81 0.348436 1.17544 0.29643
82 0.279967 1.17759 0.237747
83 0.211 1.17904 0.178959
84 0.141614 1.1798 0.120032
85 0.0718939 1.17986 0.0609343
86 0.00192455 1.17922 0.00163206
87 -0.0682104 1.17788 -0.0579096
88 -0.110168 1.17623 -0.0936617
89 -0.180362 1.17399 -0.153632
90 -0.250483 1.17104 -0.213897
# cl_max 2.70165 at 14 deg
# cd_min -0.0198371 at -15 deg
# ld_max 171.137 at -7 deg
