This aircraft uses yasim version '2017.2'
-15 -1.28356 0.105484 -12.1682
-14 -1.16324 0.0776314 -14.9841
-13 -1.02787 0.0497257 -20.6708
-12 -0.890184 0.0231136 -38.5135
-11 -0.750338 -0.00217479 345.016
-10 -0.607643 -0.0219055 27.7393
-9 -0.460721 -0.0265572 17.3482
-8 -0.311494 -0.0220841 14.1049
-7 -0.16163 -0.0156345 10.338
-6 -0.0113783 -0.00758023 1.50105
-5 0.139076 0.00206657 67.2981
-4 0.28955 0.0132918 21.7841
-3 0.439859 0.0260788 16.8666
-2 0.589821 0.0404095 14.5961
-1 0.739253 0.0562639 13.139
0 0.887974 0.0736199 12.0616
1 1.0358 0.0924536 11.2035
2 1.18256 0.11274 10.4893
3 1.32807 0.134451 9.87772
4 1.47203 0.158632 9.27952
5 1.61435 0.184195 8.76434
6 1.75486 0.211085 8.31351
7 1.89339 0.239268 7.91327
8 2.02978 0.268708 7.55386
9 2.16386 0.299368 7.22812
10 2.29548 0.331209 6.93061
11 2.42447 0.364192 6.65712
12 2.55067 0.398276 6.40429
13 2.67371 0.433368 6.16961
14 2.70328 0.449017 6.02045
15 2.48686 0.408631 6.08585
16 2.15395 0.343738 6.26626
17 1.8406 0.284904 6.46039
18 1.51577 0.226167 6.70202
19 1.27018 0.192579 6.59564
20 1.27912 0.202521 6.316
21 1.32831 0.220636 6.02037
22 1.38236 0.239988 5.76014
23 1.44666 0.261445 5.53334
24 1.50579 0.282972 5.32134
25 1.5491 0.302865 5.11482
26 1.58826 0.322701 4.92178
27 1.62533 0.342764 4.74184
28 1.66027 0.363032 4.57335
29 1.69304 0.383483 4.4149
30 1.7236 0.404093 4.26536
31 1.75193 0.42484 4.12373
32 1.77798 0.445701 3.98917
33 1.80173 0.466654 3.86096
34 1.82316 0.487675 3.73848
35 1.84225 0.508743 3.62118
36 1.85859 0.529753 3.50841
37 1.86894 0.549942 3.39842
38 1.87845 0.570411 3.29315
39 1.88792 0.591369 3.19245
40 1.89497 0.612262 3.09503
41 1.8996 0.633067 3.00063
42 1.90181 0.653765 2.90902
43 1.9016 0.674332 2.81997
44 1.89896 0.694749 2.73331
45 1.89391 0.714993 2.64885
46 1.88644 0.735047 2.56643
47 1.87657 0.754885 2.48591
48 1.86432 0.774492 2.40715
49 1.84969 0.793846 2.33004
50 1.8327 0.812927 2.25445
51 1.81338 0.831716 2.18029
52 1.79175 0.850193 2.10746
53 1.76783 0.868341 2.03587
54 1.74165 0.886141 1.96543
55 1.71325 0.903574 1.89608
56 1.68265 0.920623 1.82773
57 1.64989 0.93727 1.76032
58 1.61502 0.953497 1.69378
59 1.57806 0.969289 1.62806
60 1.53907 0.984628 1.5631
61 1.49809 0.999499 1.49884
62 1.45517 1.01389 1.43524
63 1.41036 1.02777 1.37225
64 1.36371 1.04115 1.30981
65 1.31528 1.05399 1.2479
66 1.26511 1.0663 1.18646
67 1.21328 1.07804 1.12545
68 1.15984 1.08922 1.06484
69 1.10486 1.09982 1.00458
70 1.04839 1.10982 0.94465
71 0.990512 1.11922 0.885002
72 0.931241 1.12796 0.825597
73 0.870353 1.13574 0.766333
74 0.80804 1.1426 0.707197
75 0.744619 1.14875 0.648202
76 0.68044 1.15449 0.589385
77 0.61567 1.16001 0.530746
78 0.550018 1.16488 0.472165
79 0.483542 1.16908 0.413607
80 0.416321 1.17261 0.355039
81 0.348436 1.17544 0.29643
82 0.279967 1.17759 0.237747
83 0.211 1.17904 0.178959
84 0.141614 1.1798 0.120032
85 0.0718939 1.17986 0.0609343
86 0.00192455 1.17922 0.00163206
87 -0.0682104 1.17788 -0.0579096
88 -0.110168 1.17623 -0.0936617
89 -0.180362 1.17399 -0.153632
90 -0.250483 1.17104 -0.213897
# cl_max 2.70328 at 14 deg
# cd_min -0.0265572 at -9 deg
# ld_max 345.016 at -11 deg
