-15 -0.219929 -0.0147723 14.8879
-14 -0.153414 -0.0157676 9.72968
-13 -0.0862092 -0.0160551 5.36957
-12 -0.0183933 -0.0156301 1.17679
-11 0.0499535 -0.0144904 -3.44734
-10 0.11875 -0.0126335 -9.39965
-9 0.187917 -0.0100579 -18.6836
-8 0.257371 -0.00676351 -38.0528
-7 0.327026 -0.00274993 -118.921
-6 0.396801 0.001981 200.304
-5 0.403943 0.00265004 152.429
-4 0.437368 0.00491345 89.0145
-3 0.524539 0.0148161 35.4032
-2 0.654815 0.0272059 24.0689
-1 0.740689 0.0411603 17.9952
0 0.888578 0.0559797 15.8732
1 1.03603 0.0723051 14.3286
2 1.18255 0.0901221 13.1217
3 1.32797 0.109413 12.1372
4 1.47201 0.131139 11.2248
5 1.61453 0.154542 10.4472
6 1.75537 0.179348 9.78751
7 1.89435 0.205529 9.21693
8 2.0313 0.233058 8.71586
9 2.16607 0.261906 8.27041
10 2.29847 0.292038 7.87042
11 2.42834 0.323425 7.50821
12 2.55552 0.356028 7.17786
13 2.67867 0.389707 6.87355
14 2.73231 0.412462 6.62438
15 2.72104 0.423837 6.42002
16 2.71807 0.437049 6.21915
17 2.58195 0.42355 6.09597
18 2.30838 0.384409 6.00501
19 2.09289 0.360702 5.80225
20 2.13028 0.381846 5.57889
21 2.20937 0.412029 5.36218
22 2.29263 0.443997 5.16362
23 2.38631 0.478913 4.98276
24 2.4736 0.514106 4.81146
25 2.54243 0.547328 4.64517
26 2.60533 0.580595 4.48734
27 2.66476 0.614309 4.33782
28 2.72066 0.648426 4.19579
29 2.77296 0.682909 4.06051
30 2.8216 0.717716 3.93136
31 2.86652 0.752804 3.80779
32 2.90766 0.788131 3.68932
33 2.94499 0.823655 3.57551
34 2.97844 0.859335 3.46598
35 3.00799 0.895126 3.36041
36 3.03341 0.930946 3.25842
37 3.05305 0.96638 3.15926
38 3.06947 1.00195 3.0635
39 3.08307 1.03772 2.97099
40 3.09264 1.0734 2.88116
41 3.09817 1.10893 2.79384
42 3.09966 1.14427 2.70885
43 3.0971 1.17939 2.62603
44 3.0905 1.21423 2.54524
45 3.07988 1.24876 2.46635
46 3.06523 1.28294 2.38923
47 3.04659 1.31672 2.31377
48 3.02397 1.35007 2.23986
49 2.99741 1.38295 2.1674
50 2.96693 1.41531 2.0963
51 2.93258 1.44713 2.02648
52 2.8944 1.47835 1.95785
53 2.85243 1.50895 1.89033
54 2.80673 1.53889 1.82386
55 2.75736 1.56814 1.75837
56 2.70437 1.59665 1.69378
57 2.64783 1.6244 1.63004
58 2.58781 1.65135 1.56709
59 2.52439 1.67747 1.50488
60 2.45764 1.70273 1.44335
61 2.38764 1.7271 1.38246
62 2.31449 1.75056 1.32214
63 2.23826 1.77307 1.26236
64 2.15906 1.79461 1.20308
65 2.07698 1.81516 1.14424
66 1.99212 1.83469 1.08581
67 1.90459 1.85317 1.02775
68 1.81449 1.8706 0.970009
69 1.72194 1.88694 0.912558
70 1.62704 1.90218 0.855358
71 1.52992 1.9163 0.798371
72 1.43066 1.92926 0.741558
73 1.32925 1.94091 0.684858
74 1.22586 1.95125 0.628241
75 1.12074 1.96039 0.571694
76 1.01417 1.96847 0.515209
77 0.906321 1.97558 0.458761
78 0.543725 1.16802 0.465511
79 0.478229 1.17176 0.408129
80 0.412052 1.1748 0.350742
81 0.345272 1.17714 0.293315
82 0.277974 1.17877 0.235818
83 0.210241 1.17969 0.178217
84 0.14215 1.1799 0.120476
85 0.0737907 1.17941 0.0625656
86 0.0052413 1.17822 0.00444848
87 -0.0634089 1.17633 -0.0539041
88 -0.100424 1.17298 -0.0856145
89 -0.168996 1.17026 -0.14441
90 -0.237439 1.16684 -0.203489
# cl_max 3.09966 at 42 deg
# cd_min -0.0160551 at -13 deg
# ld_max 200.304 at -6 deg
