This aircraft uses yasim version 'YASIM_VERSION_32'
-15 -0.725007 0.174778 -4.14816
-14 -0.67439 0.175406 -3.84473
-13 -1.34705 0.213529 -6.3085
-12 -1.77744 0.223144 -7.96544
-11 -1.89769 0.205012 -9.25648
-10 -1.67076 0.180736 -9.24418
-9 -1.43958 0.156938 -9.17293
-8 -1.20518 0.13603 -8.85968
-7 -0.965847 0.135302 -7.13846
-6 -0.723672 0.147512 -4.90584
-5 -0.480652 0.160607 -2.99272
-4 -0.353896 0.188403 -1.8784
-3 -0.0874228 0.19966 -0.437859
-2 0.179214 0.211801 0.846143
-1 0.445654 0.224809 1.98237
0 0.711572 0.23866 2.98153
1 0.976642 0.25333 3.85521
2 1.24054 0.268794 4.61521
3 1.50295 0.285026 5.27303
4 1.76355 0.301998 5.8396
5 2.02202 0.319684 6.32506
6 2.27805 0.338054 6.73871
7 2.53132 0.35708 7.08895
8 2.78135 0.378131 7.35552
9 3.02708 0.405307 7.46862
10 3.26892 0.432992 7.5496
11 3.49598 0.459569 7.60709
12 3.66262 0.478216 7.65893
13 3.73425 0.485091 7.69805
14 3.70272 0.480368 7.70809
15 3.57737 0.465147 7.69084
16 3.37382 0.441143 7.6479
17 3.11266 0.410721 7.57853
18 2.80577 0.374303 7.49597
19 2.43725 0.326209 7.47144
20 2.09203 0.279737 7.47856
21 1.84467 0.246963 7.46941
22 1.77465 0.242248 7.32575
23 1.82449 0.253931 7.18499
24 1.88428 0.262791 7.17027
25 1.93984 0.2706 7.16868
26 1.99298 0.278357 7.15977
27 2.04349 0.286033 7.14426
28 2.09133 0.293618 7.12264
29 2.13645 0.301104 7.09537
30 2.17877 0.308483 7.06284
31 2.21826 0.315749 7.0254
32 2.25487 0.322892 6.98336
33 2.28856 0.329906 6.937
34 2.31929 0.336784 6.88656
35 2.34701 0.34352 6.83224
36 2.37171 0.350107 6.77424
37 2.39335 0.356538 6.71273
38 2.4119 0.362809 6.64784
39 2.42734 0.368913 6.57972
40 2.43967 0.374845 6.50847
41 2.44885 0.3806 6.43419
42 2.45488 0.386172 6.35697
43 2.45776 0.391558 6.27688
44 2.45749 0.396753 6.19399
45 2.45405 0.401753 6.10835
46 2.44746 0.406554 6.02001
47 2.43772 0.411152 5.92901
48 2.42485 0.415545 5.83536
49 2.40887 0.419727 5.73912
50 2.38978 0.423698 5.6403
51 2.36762 0.427453 5.53889
52 2.3424 0.430991 5.43492
53 2.31417 0.434309 5.3284
54 2.28295 0.437405 5.21931
55 2.24878 0.440276 5.10766
56 2.2117 0.442923 4.99343
57 2.17176 0.445341 4.87662
58 2.129 0.44753 4.75722
59 2.08347 0.449489 4.63519
60 2.03523 0.451216 4.51053
61 1.98433 0.452713 4.3832
62 1.93084 0.453975 4.25318
63 1.87481 0.455004 4.12043
64 1.81632 0.455799 3.98492
65 1.75544 0.45636 3.84661
66 1.69223 0.456687 3.70545
67 1.62678 0.456779 3.56141
68 1.55915 0.456637 3.41442
69 1.48944 0.456261 3.26444
70 1.41772 0.455653 3.1114
71 1.34408 0.454812 2.95524
72 1.2686 0.453738 2.79589
73 1.19139 0.452434 2.63329
74 1.11253 0.4509 2.46735
75 1.03211 0.449138 2.29797
76 0.95023 0.447149 2.12509
77 0.866992 0.444934 1.94859
78 0.782496 0.442496 1.76837
79 0.696841 0.439837 1.58432
80 0.610132 0.436958 1.39632
81 0.522471 0.433864 1.20423
82 0.433967 0.430554 1.00793
83 0.344726 0.427033 0.807258
84 0.254854 0.423303 0.60206
85 0.164464 0.419368 0.39217
86 0.0736612 0.415231 0.177398
87 -0.0174417 0.410895 -0.0424482
88 -0.108735 0.406365 -0.26758
89 -0.200105 0.401644 -0.498216
90 0.4237 0.396736 1.06796
# cl_max 3.73425 at 13 deg
# cd_min 0.135302 at -7 deg
# ld_max 7.70809 at 14 deg
