-15 -0.532915 0.206121 -2.58545
-14 -0.492482 0.205315 -2.39866
-13 -1.21048 0.261463 -4.62966
-12 -1.6793 0.271527 -6.18466
-11 -1.82314 0.244892 -7.44468
-10 -1.59867 0.214852 -7.4408
-9 -1.36976 0.185374 -7.38917
-8 -1.13756 0.159015 -7.15379
-7 -0.900693 0.15412 -5.84411
-6 -0.661004 0.162981 -4.05571
-5 -0.420395 0.172841 -2.43226
-4 -0.293647 0.19703 -1.49037
-3 -0.0280087 0.205198 -0.136496
-2 0.237835 0.214416 1.10923
-1 0.50356 0.224671 2.24132
0 0.768839 0.235953 3.25845
1 1.03335 0.248246 4.16261
2 1.29676 0.261535 4.95828
3 1.55876 0.275805 5.65169
4 1.81902 0.291037 6.25013
5 2.07722 0.307214 6.76148
6 2.33305 0.324314 7.19378
7 2.58618 0.342317 7.55492
8 2.83631 0.361201 7.85244
9 3.08224 0.387013 7.96419
10 3.32399 0.415818 7.99385
11 3.55026 0.444023 7.99567
12 3.71242 0.465519 7.97481
13 3.7737 0.476511 7.91944
14 3.7254 0.476855 7.81244
15 3.5774 0.467379 7.65417
16 3.34623 0.449525 7.44393
17 3.05381 0.425377 7.17908
18 2.69071 0.389687 6.90481
19 2.28217 0.343519 6.6435
20 1.91297 0.300941 6.35664
21 1.66185 0.275248 6.03765
22 1.60394 0.280748 5.71311
23 1.63575 0.294717 5.55023
24 1.67945 0.304765 5.51063
25 1.7267 0.315401 5.47462
26 1.77178 0.326091 5.43339
27 1.8145 0.3368 5.38747
28 1.8548 0.347514 5.33735
29 1.89264 0.35822 5.28346
30 1.92797 0.368907 5.22618
31 1.96075 0.37956 5.16586
32 1.99094 0.390168 5.10279
33 2.01851 0.400717 5.03724
34 2.04341 0.411195 4.96944
35 2.06562 0.421589 4.8996
36 2.08511 0.431888 4.8279
37 2.10187 0.442077 4.75452
38 2.11586 0.452147 4.67958
39 2.12707 0.462084 4.60322
40 2.1355 0.471876 4.52555
41 2.14112 0.481512 4.44666
42 2.14394 0.490982 4.36663
43 2.14394 0.500271 4.28557
44 2.14114 0.509372 4.20349
45 2.13553 0.51827 4.12049
46 2.12712 0.526959 4.0366
47 2.11592 0.535425 3.95185
48 2.10195 0.543661 3.86628
49 2.08522 0.551655 3.77994
50 2.06575 0.559398 3.69282
51 2.04357 0.566882 3.60494
52 2.01871 0.574096 3.51632
53 1.99119 0.581034 3.42698
54 1.96105 0.587687 3.33689
55 1.92832 0.594047 3.24608
56 1.89306 0.600106 3.15453
57 1.85529 0.605859 3.06224
58 1.81506 0.611297 2.9692
59 1.77243 0.616415 2.87539
60 1.72745 0.621207 2.7808
61 1.68017 0.625666 2.68541
62 1.63065 0.62979 2.5892
63 1.57895 0.633572 2.49214
64 1.52514 0.637009 2.39421
65 1.46927 0.640096 2.29539
66 1.41142 0.642831 2.19563
67 1.35166 0.645209 2.09492
68 1.29006 0.647229 1.9932
69 1.22669 0.64889 1.89045
70 1.16165 0.650189 1.78663
71 1.09499 0.651124 1.68169
72 1.02681 0.651696 1.57559
73 0.957184 0.651903 1.46829
74 0.886202 0.651747 1.35973
75 0.81395 0.651228 1.24987
76 0.740516 0.650346 1.13865
77 0.665988 0.649103 1.02601
78 0.590459 0.647501 0.911905
79 0.51402 0.645544 0.796259
80 0.436764 0.643232 0.679014
81 0.358786 0.640571 0.560103
82 0.28018 0.637561 0.439456
83 0.201042 0.63421 0.316996
84 0.121471 0.63052 0.192651
85 0.0415602 0.626498 0.0663374
86 -0.0385914 0.622148 -0.0620294
87 -0.118885 0.617475 -0.192535
88 -0.199225 0.612486 -0.325272
89 -0.27951 0.607189 -0.460335
90 0.418255 0.612444 0.682929
# cl_max 3.7737 at 13 deg
# cd_min 0.15412 at -7 deg
# ld_max 7.99567 at 11 deg
