-15 -6.35159 1.53471 -4.13863
-14 -8.37925 1.66235 -5.0406
-13 -9.3704 1.68704 -5.55433
-12 -9.0014 1.62251 -5.54783
-11 -8.34156 1.54096 -5.41322
-10 -7.46169 1.44927 -5.1486
-9 -6.56771 1.36597 -4.80808
-8 -5.66395 1.29147 -4.38566
-7 -4.75149 1.22585 -3.87608
-6 -3.83144 1.1692 -3.27697
-5 -2.90492 1.12161 -2.58997
-4 -1.97306 1.08313 -1.82163
-3 -1.037 1.05382 -0.984031
-2 -0.0978573 1.03374 -0.0946635
-1 0.843207 1.0229 0.824327
0 1.42499 1.03046 1.38287
1 2.22513 1.03916 2.14128
2 3.31852 1.05127 3.15667
3 4.40968 1.07424 4.10493
4 5.49729 1.10805 4.96124
5 6.58003 1.15266 5.70855
6 7.65656 1.20803 6.33803
7 8.72558 1.27411 6.84837
8 9.78577 1.35082 7.24434
9 10.8359 1.43807 7.53501
10 11.8726 1.55485 7.63585
11 12.894 1.69922 7.5882
12 13.9002 1.85355 7.4992
13 14.8899 2.01768 7.37972
14 15.8621 2.19142 7.23828
15 16.8113 2.37432 7.08049
16 17.3667 2.54172 6.83267
17 16.7567 2.6249 6.38376
18 14.8134 2.57504 5.75269
19 12.6488 2.45292 5.15661
20 11.0551 2.27986 4.84901
21 10.4921 2.19887 4.77156
22 10.6315 2.25563 4.7133
23 11.1998 2.43009 4.60881
24 11.5223 2.5469 4.52406
25 11.7776 2.65127 4.44225
26 12.0206 2.75782 4.35873
27 12.251 2.86644 4.27395
28 12.4686 2.97701 4.18829
29 12.673 3.08941 4.10208
30 12.8639 3.20351 4.01558
31 13.0412 3.31918 3.92905
32 13.2046 3.4363 3.84267
33 13.3538 3.55474 3.7566
34 13.4886 3.67437 3.671
35 13.6089 3.79505 3.58596
36 13.7144 3.91664 3.50158
37 13.8051 4.03902 3.41794
38 13.8808 4.16204 3.33509
39 13.9413 4.28557 3.25308
40 13.9866 4.40947 3.17195
41 14.0166 4.53359 3.09172
42 14.0312 4.65781 3.0124
43 14.0303 4.78197 2.93401
44 14.014 4.90593 2.85654
45 13.9822 5.02957 2.78
46 13.9349 5.15273 2.70438
47 13.8722 5.27528 2.62966
48 13.794 5.39708 2.55583
49 13.7006 5.51799 2.48289
50 13.5918 5.63787 2.4108
51 13.4679 5.75658 2.33956
52 13.3289 5.874 2.26914
53 13.175 5.98998 2.19951
54 13.0063 6.10439 2.13065
55 12.823 6.21711 2.06254
56 12.6253 6.328 1.99515
57 12.4134 6.43695 1.92846
58 12.1875 6.54381 1.86245
59 11.9478 6.64848 1.79708
60 11.6946 6.75083 1.73233
61 11.4282 6.85075 1.66817
62 11.1488 6.94812 1.60458
63 10.8568 7.04283 1.54154
64 10.5524 7.13477 1.47901
65 10.236 7.22384 1.41697
66 9.90791 7.30993 1.3554
67 9.56852 7.39295 1.29428
68 9.21817 7.4728 1.23356
69 8.85727 7.54938 1.17324
70 8.4862 7.62263 1.11329
71 8.10537 7.69244 1.05368
72 7.7152 7.75873 0.99439
73 7.31613 7.82144 0.935394
74 6.90859 7.88049 0.87667
75 6.49304 7.93582 0.818194
76 6.06993 7.98735 0.759942
77 5.63974 8.03503 0.701893
78 5.20294 8.07881 0.644022
79 4.76002 8.11864 0.586308
80 4.31148 8.15447 0.528726
81 3.85781 8.18626 0.471255
82 3.39953 8.21397 0.413872
83 2.93714 8.23758 0.356553
84 2.47115 8.25705 0.299278
85 2.00211 8.27237 0.242023
86 1.53051 8.28352 0.184766
87 1.0569 8.29048 0.127484
88 0.581803 8.29324 0.0701539
89 0.105752 8.29182 0.0127537
90 0.361959 8.23163 0.0439717
# cl_max 17.3667 at 16 deg
# cd_min 1.0229 at -1 deg
# ld_max 7.63585 at 10 deg
