This aircraft uses yasim version '2017.2'
-15 -6.40171 1.49252 -4.2892
-14 -8.51154 1.64314 -5.18004
-13 -10.1705 1.8239 -5.57624
-12 -10.6453 1.92704 -5.52416
-11 -10.4912 1.93568 -5.41988
-10 -9.54933 1.8263 -5.22879
-9 -8.52433 1.71543 -4.96921
-8 -7.48671 1.61422 -4.63798
-7 -6.43774 1.52282 -4.22751
-6 -5.37865 1.44137 -3.73163
-5 -4.3107 1.36998 -3.14653
-4 -3.23518 1.30879 -2.4719
-3 -2.15338 1.25788 -1.71192
-2 -1.0666 1.21735 -0.876167
-1 0.0238658 1.18728 0.0201013
0 1.11669 1.16774 0.956286
1 2.21057 1.15879 1.90765
2 3.30417 1.16048 2.84725
3 4.39616 1.17283 3.74834
4 5.48524 1.19587 4.58682
5 6.57006 1.22961 5.34323
6 7.64932 1.27403 6.00402
7 8.72169 1.32913 6.56193
8 9.78586 1.39488 7.01556
9 10.8405 1.47122 7.36838
10 11.8812 1.57654 7.53626
11 12.9057 1.7098 7.54807
12 13.9156 1.85312 7.50929
13 14.9097 2.00635 7.43124
14 15.8867 2.16936 7.32324
15 16.8414 2.3416 7.19227
16 17.4071 2.48909 6.99337
17 16.8172 2.53277 6.63986
18 14.896 2.44004 6.10481
19 12.7431 2.30245 5.53457
20 11.1339 2.16809 5.13536
21 10.5505 2.12645 4.96157
22 10.6823 2.19009 4.87756
23 11.2677 2.34333 4.80844
24 11.599 2.45514 4.72437
25 11.8588 2.55801 4.63597
26 12.1065 2.66326 4.54574
27 12.3415 2.77077 4.45419
28 12.5637 2.88042 4.36175
29 12.7726 2.99211 4.26878
30 12.9681 3.10569 4.17559
31 13.1498 3.22106 4.08245
32 13.3176 3.33807 3.98959
33 13.471 3.45661 3.89718
34 13.61 3.57653 3.80538
35 13.7344 3.6977 3.71431
36 13.8439 3.81998 3.62408
37 13.9384 3.94323 3.53476
38 14.0177 4.0673 3.44643
39 14.0817 4.19206 3.35912
40 14.1302 4.31736 3.27289
41 14.1633 4.44305 3.18774
42 14.1808 4.56899 3.1037
43 14.1826 4.69501 3.02078
44 14.1687 4.82098 2.93897
45 14.1391 4.94675 2.85827
46 14.0938 5.07216 2.77866
47 14.0328 5.19706 2.70015
48 13.9562 5.32132 2.62269
49 13.8639 5.44476 2.54629
50 13.7562 5.56725 2.47091
51 13.633 5.68863 2.39653
52 13.4944 5.80876 2.32312
53 13.3407 5.92749 2.25065
54 13.172 6.04468 2.1791
55 12.9884 6.16019 2.10843
56 12.7901 6.27388 2.03862
57 12.5773 6.3856 1.96963
58 12.3503 6.49522 1.90144
59 12.1092 6.60261 1.834
60 11.8544 6.70764 1.7673
61 11.5861 6.81018 1.7013
62 11.3047 6.9101 1.63596
63 11.0103 7.00728 1.57127
64 10.7034 7.10162 1.50717
65 10.3842 7.19298 1.44366
66 10.0532 7.28126 1.3807
67 9.71068 7.36635 1.31825
68 9.35703 7.44817 1.25629
69 8.99265 7.52659 1.19478
70 8.61795 7.60153 1.13371
71 8.23334 7.67291 1.07304
72 7.83927 7.74063 1.01274
73 7.43617 7.80462 0.952791
74 7.02449 7.8648 0.893156
75 6.60471 7.92111 0.833812
76 6.1773 7.97348 0.774731
77 5.74274 8.02184 0.715888
78 5.30152 8.06615 0.657256
79 4.85415 8.10635 0.598808
80 4.40112 8.14241 0.540518
81 3.94295 8.17428 0.482361
82 3.48017 8.20194 0.424311
83 3.01329 8.22535 0.366342
84 2.54285 8.24448 0.30843
85 2.06938 8.25934 0.25055
86 1.59341 8.26989 0.192676
87 1.11548 8.27615 0.134783
88 0.636138 8.2781 0.0768459
89 0.155919 8.27575 0.0188405
90 0.410291 8.26912 0.0496172
# cl_max 17.4071 at 16 deg
# cd_min 1.15879 at 1 deg
# ld_max 7.54807 at 11 deg
