This aircraft uses yasim version '2017.2'
-15 -18.0262 2.85474 -6.31449
-14 -16.792 2.62236 -6.40341
-13 -15.5333 2.40185 -6.46723
-12 -14.2516 2.1935 -6.49718
-11 -12.9483 1.99758 -6.48202
-10 -11.6252 1.81434 -6.40741
-9 -10.2838 1.64403 -6.25524
-8 -8.92569 1.48687 -6.00299
-7 -7.5491 1.37115 -5.50566
-6 -6.1587 1.28275 -4.80117
-5 -4.75807 1.2083 -3.93783
-4 -3.34891 1.14791 -2.91741
-3 -1.93295 1.10168 -1.75456
-2 -0.511908 1.06968 -0.478562
-1 0.91248 1.05198 0.867391
0 2.33847 1.04863 2.23003
1 3.76432 1.05964 3.55246
2 5.18829 1.08503 4.78171
3 6.60863 1.12479 5.87546
4 8.0236 1.17889 6.80609
5 9.43146 1.24728 7.5616
6 10.8305 1.32992 8.14373
7 12.219 1.42671 8.56444
8 13.5952 1.53756 8.84204
9 14.9574 1.66236 8.99771
10 16.304 1.80097 9.05292
11 17.6334 1.95325 9.02771
12 18.9437 2.11902 8.93985
13 20.2336 2.29811 8.80442
14 21.5012 2.49032 8.63393
15 22.7452 2.69543 8.43844
16 23.9639 2.9132 8.22597
17 25.1558 3.14338 8.00278
18 26.311 3.41177 7.71183
19 26.1686 3.70599 7.06115
20 17.1845 2.72309 6.31066
21 16.0854 2.70141 5.95446
22 16.155 2.80386 5.76171
23 16.6092 2.97482 5.58328
24 17.0447 3.14984 5.4113
25 17.461 3.32873 5.24555
26 17.8575 3.51128 5.08574
27 18.2336 3.69728 4.93162
28 18.589 3.88652 4.78293
29 18.9231 4.07876 4.63941
30 19.2355 4.2738 4.50079
31 19.5258 4.4714 4.36681
32 19.7936 4.67133 4.23725
33 20.0386 4.87336 4.11187
34 20.2605 5.07725 3.99044
35 20.4589 5.28277 3.87275
36 20.6335 5.48965 3.75862
37 20.7842 5.69767 3.64784
38 20.9107 5.90659 3.54023
39 21.0128 6.11613 3.43563
40 21.0903 6.32607 3.33388
41 21.1433 6.53614 3.23482
42 21.1714 6.74611 3.13832
43 21.1748 6.95571 3.04423
44 21.1532 7.1647 2.95243
45 21.1068 7.37283 2.86279
46 21.0356 7.57985 2.7752
47 20.9396 7.78551 2.68956
48 20.8189 7.98958 2.60575
49 20.6736 8.19178 2.5237
50 20.5038 8.3919 2.44328
51 20.3097 8.58969 2.36443
52 20.0916 8.7849 2.28706
53 19.8497 8.97731 2.21109
54 19.5841 9.1667 2.13644
55 19.2953 9.35282 2.06304
56 18.9834 9.53545 1.99083
57 18.649 9.71439 1.91973
58 18.2923 9.88941 1.84968
59 17.9137 10.0603 1.78063
60 17.5137 10.2269 1.71252
61 17.0927 10.3889 1.64529
62 16.6512 10.5462 1.57888
63 16.1897 10.6986 1.51325
64 15.7087 10.8459 1.44835
65 15.2088 10.988 1.38413
66 14.6905 11.1246 1.32055
67 14.1545 11.2556 1.25755
68 13.6013 11.3808 1.19511
69 13.0316 11.5002 1.13316
70 12.4461 11.6135 1.07169
71 11.8453 11.7207 1.01063
72 11.2301 11.8215 0.949971
73 10.6011 11.916 0.889657
74 9.95909 12.0039 0.829654
75 9.30475 12.0852 0.769929
76 8.63886 12.1598 0.710444
77 7.96219 12.2276 0.651167
78 7.27552 12.2885 0.592061
79 6.57966 12.3424 0.533093
80 5.8754 12.3894 0.474229
81 5.16357 12.4293 0.415436
82 4.44498 12.4621 0.35668
83 3.72048 12.4878 0.29793
84 2.99089 12.5063 0.239151
85 2.25708 12.5176 0.180312
86 1.51987 12.5218 0.121378
87 0.78013 12.5188 0.0623167
88 0.0387154 12.5086 0.0030951
89 -0.703517 12.4913 -0.0563207
90 1.63891 12.4668 0.131461
# cl_max 26.311 at 18 deg
# cd_min 1.04863 at 0 deg
# ld_max 9.05292 at 10 deg
