This aircraft uses yasim version 'YASIM_VERSION_32'
-15 -16.7526 2.51402 -6.66366
-14 -15.5822 2.30646 -6.75589
-13 -14.3891 2.11024 -6.81871
-12 -13.1747 1.92561 -6.84185
-11 -11.9406 1.75281 -6.81223
-10 -10.6881 1.59208 -6.71328
-9 -9.41877 1.44362 -6.5244
-8 -8.1342 1.30764 -6.22051
-7 -6.83247 1.21241 -5.63545
-6 -5.51813 1.14377 -4.82452
-5 -4.19469 1.08832 -3.85427
-4 -2.86376 1.04616 -2.73739
-3 -1.52695 1.01736 -1.50089
-2 -0.185896 1.00198 -0.185529
-1 1.15777 1.00005 1.15771
0 2.5024 1.01161 2.47369
1 3.76252 1.04937 3.58551
2 5.18577 1.0755 4.82174
3 6.60612 1.11588 5.92013
4 8.02127 1.17057 6.85247
5 9.42947 1.23954 7.60726
6 10.829 1.32273 8.18687
7 12.2181 1.42007 8.60389
8 13.5952 1.53148 8.87716
9 14.9584 1.65684 9.02829
10 16.3062 1.79603 9.07901
11 17.6368 1.94891 9.04957
12 18.9486 2.11531 8.95783
13 20.24 2.29507 8.81891
14 21.5094 2.48798 8.64532
15 22.7552 2.69384 8.44712
16 23.9758 2.91241 8.23229
17 25.1698 3.14346 8.00704
18 26.3273 3.41219 7.71566
19 27.4459 3.7172 7.38349
20 14.9115 2.41619 6.17147
21 15.9532 2.63926 6.04458
22 16.1129 2.76436 5.8288
23 16.5706 2.93493 5.646
24 17.0096 3.10966 5.46993
25 17.4294 3.28835 5.30035
26 17.8295 3.4708 5.13698
27 18.2092 3.65681 4.97955
28 18.5683 3.84615 4.82776
29 18.906 4.03859 4.68134
30 19.2222 4.23393 4.54002
31 19.5162 4.43193 4.40354
32 19.7877 4.63235 4.27164
33 20.0364 4.83496 4.14407
34 20.2619 5.03952 4.02061
35 20.464 5.24579 3.90103
36 20.6422 5.45351 3.78513
37 20.7965 5.66245 3.6727
38 20.9265 5.87234 3.56357
39 21.0321 6.08294 3.45755
40 21.113 6.294 3.35447
41 21.1693 6.50526 3.25418
42 21.2007 6.71646 3.15653
43 21.2073 6.92734 3.06138
44 21.1888 7.13767 2.96859
45 21.1455 7.34716 2.87804
46 21.0772 7.55559 2.78961
47 20.984 7.76268 2.70318
48 20.866 7.9682 2.61865
49 20.7232 8.17187 2.53592
50 20.556 8.37347 2.4549
51 20.3643 8.57274 2.37548
52 20.1485 8.76944 2.29758
53 19.9087 8.96333 2.22113
54 19.6452 9.15417 2.14604
55 19.3583 9.34174 2.07224
56 19.0483 9.5258 1.99966
57 18.7156 9.70614 1.92822
58 18.3605 9.88251 1.85788
59 17.9834 10.0547 1.78855
60 17.5848 10.2226 1.72019
61 17.165 10.3859 1.65273
62 16.7247 10.5444 1.58613
63 16.2642 10.6979 1.52032
64 15.7842 10.8463 1.45526
65 15.2851 10.9893 1.3909
66 14.7676 11.1269 1.32719
67 14.2322 11.2588 1.26409
68 13.6795 11.3849 1.20155
69 13.1103 11.505 1.13953
70 12.5251 11.619 1.07798
71 11.9247 11.7268 1.01687
72 11.3097 11.8282 0.956157
73 10.6808 11.9232 0.895802
74 10.0388 12.0115 0.835765
75 9.38443 12.0931 0.776012
76 8.71845 12.168 0.716506
77 8.04163 12.236 0.657211
78 7.35475 12.297 0.598092
79 6.65863 12.3511 0.539114
80 5.95405 12.398 0.480242
81 5.24186 12.4379 0.421443
82 4.52286 12.4706 0.362682
83 3.7979 12.4961 0.303927
84 3.06783 12.5144 0.245144
85 2.33349 12.5255 0.186299
86 1.59573 12.5294 0.127359
87 0.855402 12.5261 0.0682898
88 0.113372 12.5155 0.00905854
89 -0.629503 12.4978 -0.0503691
90 1.61902 12.4729 0.129802
# cl_max 27.4459 at 19 deg
# cd_min 1.00005 at -1 deg
# ld_max 9.07901 at 10 deg
