This aircraft uses yasim version 'YASIM_VERSION_ORIGINAL'
-15 -0.641384 0.391022 -1.64028
-14 -0.536149 0.391246 -1.37036
-13 -1.20133 0.400535 -2.9993
-12 -2.24022 0.404614 -5.53668
-11 -1.99892 0.397432 -5.0296
-10 -1.73048 0.393041 -4.4028
-9 -1.45962 0.39162 -3.72713
-8 -1.18667 0.393211 -3.0179
-7 -0.911979 0.397851 -2.29226
-6 -0.635885 0.405573 -1.56787
-5 -0.358738 0.416407 -0.861509
-4 -0.202186 0.456959 -0.44246
-3 0.0214813 0.484967 0.0442943
-2 0.352894 0.493186 0.715539
-1 0.684429 0.50416 1.35756
0 1.01571 0.506881 2.00384
1 1.34673 0.512939 2.62551
2 1.67708 0.522331 3.21076
3 2.00635 0.53505 3.74983
4 2.33414 0.551088 4.23551
5 2.66003 0.570427 4.66322
6 2.98363 0.59305 5.03099
7 3.30452 0.618934 5.33906
8 3.62232 0.648051 5.58956
9 3.93663 0.680371 5.786
10 4.24705 0.715858 5.93281
11 4.5532 0.754474 6.03493
12 4.85469 0.796175 6.09752
13 5.15116 0.840914 6.12566
14 5.43555 0.915938 5.93441
15 5.67541 0.992282 5.71955
16 5.09606 0.928292 5.48972
17 3.862 0.74936 5.15373
18 2.81733 0.596745 4.72116
19 2.70974 0.614813 4.40742
20 2.81006 0.658947 4.26447
21 2.88708 0.693205 4.16483
22 2.96082 0.728027 4.0669
23 3.03118 0.763374 3.97076
24 3.09807 0.799206 3.87643
25 3.1614 0.835483 3.78392
26 3.22109 0.872163 3.69322
27 3.27707 0.909206 3.60432
28 3.32926 0.94657 3.51718
29 3.37759 0.984212 3.43177
30 3.42199 1.02209 3.34803
31 3.4624 1.06016 3.26594
32 3.49877 1.09837 3.18542
33 3.53105 1.13669 3.10644
34 3.55919 1.17506 3.02893
35 3.58315 1.21346 2.95284
36 3.60289 1.25183 2.87811
37 3.61839 1.29012 2.80469
38 3.6296 1.3283 2.73252
39 3.63652 1.36632 2.66154
40 3.63913 1.40414 2.59171
41 3.63741 1.44171 2.52298
42 3.63136 1.479 2.45529
43 3.62098 1.51595 2.38859
44 3.60626 1.55252 2.32284
45 3.58723 1.58868 2.25799
46 3.56389 1.62438 2.194
47 3.53626 1.65958 2.13082
48 3.50437 1.69424 2.0684
49 3.46825 1.72832 2.00672
50 3.42793 1.76178 1.94572
51 3.38345 1.79458 1.88538
52 3.33485 1.82668 1.82564
53 3.28219 1.85805 1.76647
54 3.22552 1.88864 1.70785
55 3.16489 1.91843 1.64972
56 3.10037 1.94739 1.59207
57 3.03203 1.97546 1.53485
58 2.95994 2.00263 1.47803
59 2.88418 2.02886 1.42158
60 2.80482 2.05412 1.36546
61 2.72196 2.07838 1.30966
62 2.63569 2.10161 1.25413
63 2.54609 2.12379 1.19884
64 2.45327 2.14489 1.14377
65 2.35733 2.16488 1.08889
66 2.25837 2.18375 1.03417
67 2.1565 2.20146 0.979577
68 2.05184 2.21801 0.925084
69 1.9445 2.23336 0.870662
70 1.8346 2.2475 0.816284
71 1.72226 2.26042 0.761921
72 1.60761 2.2721 0.707544
73 1.49077 2.28252 0.653126
74 1.37188 2.29167 0.598636
75 1.25106 2.29955 0.544046
76 1.12846 2.30614 0.489328
77 1.00421 2.31143 0.434452
78 0.878443 2.31542 0.379387
79 0.751311 2.31811 0.324105
80 0.62295 2.31949 0.268573
81 0.493508 2.31955 0.21276
82 0.363127 2.3183 0.156635
83 0.231955 2.31574 0.100165
84 0.10014 2.31187 0.0433156
85 -0.0321688 2.3067 -0.0139458
86 -0.164825 2.30023 -0.0716559
87 -0.297679 2.29247 -0.129851
88 -0.43058 2.28343 -0.188567
89 -0.563378 2.27311 -0.247844
90 0.647566 2.25843 0.286733
# cl_max 5.67541 at 15 deg
# cd_min 0.391022 at -15 deg
# ld_max 6.12566 at 13 deg
