This aircraft uses yasim version 'YASIM_VERSION_32'
-15 -0.735412 0.363769 -2.02165
-14 -0.623506 0.364228 -1.71186
-13 -1.25641 0.373781 -3.36135
-12 -2.24998 0.378308 -5.94749
-11 -2.0075 0.371968 -5.39698
-10 -1.73871 0.368328 -4.72055
-9 -1.46749 0.367562 -3.99249
-8 -1.19417 0.369711 -3.23001
-7 -0.919095 0.374811 -2.45216
-6 -0.642608 0.382895 -1.67829
-5 -0.365058 0.393992 -0.926562
-4 -0.234084 0.440011 -0.531995
-3 0.024863 0.46045 0.0539973
-2 0.354937 0.469195 0.756481
-1 0.685125 0.48058 1.42562
0 1.01505 0.483597 2.09896
1 1.34471 0.489835 2.74523
2 1.67369 0.499292 3.35214
3 2.0016 0.511963 3.90966
4 2.32802 0.527838 4.41049
5 2.65256 0.546904 4.85013
6 2.9748 0.569142 5.22681
7 3.29434 0.594531 5.54108
8 3.6108 0.623044 5.79541
9 3.92378 0.654654 5.99367
10 4.23288 0.689324 6.14062
11 4.53772 0.72702 6.24154
12 4.83793 0.767698 6.30186
13 5.13096 0.82067 6.25216
14 5.41332 0.896368 6.03917
15 5.65179 0.968908 5.83316
16 5.09603 0.906327 5.62273
17 3.90943 0.73267 5.33587
18 2.90544 0.583245 4.98151
19 2.80342 0.596134 4.70267
20 2.8979 0.634576 4.56667
21 2.97988 0.667413 4.46482
22 3.05847 0.700802 4.36424
23 3.13356 0.734706 4.26505
24 3.20506 0.769087 4.16736
25 3.27288 0.803905 4.07122
26 3.33692 0.839123 3.97667
27 3.39711 0.8747 3.88374
28 3.45336 0.910595 3.79242
29 3.50559 0.946768 3.7027
30 3.55375 0.983176 3.61457
31 3.59777 1.01978 3.52799
32 3.63757 1.05653 3.44294
33 3.67312 1.09339 3.35938
34 3.70436 1.13032 3.27726
35 3.73124 1.16728 3.19653
36 3.75372 1.20422 3.11715
37 3.77178 1.2411 3.03907
38 3.78537 1.27787 2.96224
39 3.79448 1.31451 2.88662
40 3.79908 1.35095 2.81215
41 3.79916 1.38717 2.73879
42 3.79472 1.42311 2.66649
43 3.78575 1.45875 2.59521
44 3.77225 1.49403 2.52489
45 3.75424 1.52891 2.4555
46 3.73171 1.56336 2.38698
47 3.7047 1.59734 2.3193
48 3.67323 1.6308 2.25241
49 3.63732 1.6637 2.18628
50 3.59701 1.69602 2.12086
51 3.55234 1.7277 2.05611
52 3.50336 1.75872 1.99199
53 3.45011 1.78904 1.92848
54 3.39265 1.81861 1.86552
55 3.33104 1.84742 1.80308
56 3.26535 1.87541 1.74114
57 3.19564 1.90257 1.67964
58 3.12199 1.92886 1.61857
59 3.04448 1.95425 1.55788
60 2.9632 1.9787 1.49755
61 2.87823 2.00219 1.43754
62 2.78966 2.02469 1.37782
63 2.69759 2.04618 1.31835
64 2.60213 2.06664 1.25911
65 2.50338 2.08602 1.20007
66 2.40145 2.10432 1.1412
67 2.29645 2.12151 1.08246
68 2.1885 2.13758 1.02382
69 2.07772 2.15249 0.965261
70 1.96423 2.16625 0.906744
71 1.84817 2.17882 0.848242
72 1.72965 2.19019 0.789725
73 1.60882 2.20036 0.731164
74 1.48581 2.20931 0.672525
75 1.36076 2.21702 0.613779
76 1.23381 2.2235 0.554897
77 1.1051 2.22872 0.495846
78 0.974782 2.23269 0.436595
79 0.842997 2.2354 0.377112
80 0.709896 2.23685 0.317364
81 0.57563 2.23704 0.257318
82 0.440349 2.23596 0.19694
83 0.304209 2.23362 0.136196
84 0.167362 2.23001 0.0750499
85 0.0299653 2.22516 0.0134666
86 -0.107829 2.21904 -0.0485924
87 -0.245862 2.21169 -0.111165
88 -0.383978 2.2031 -0.17429
89 -0.522022 2.19329 -0.238009
90 0.615056 2.18226 0.281844
# cl_max 5.65179 at 15 deg
# cd_min 0.363769 at -15 deg
# ld_max 6.30186 at 12 deg
