This aircraft uses yasim version 'YASIM_VERSION_CURRENT'
-15 -0.343984 0.0402365 -8.54906
-14 -0.315616 0.0434597 -7.26226
-13 -0.446545 0.0464039 -9.62301
-12 -0.658839 0.0484321 -13.6034
-11 -0.591809 0.0482372 -12.2687
-10 -0.518757 0.0488968 -10.6092
-9 -0.445092 0.0504612 -8.82047
-8 -0.370908 0.0529518 -7.00463
-7 -0.296302 0.0563882 -5.25469
-6 -0.221372 0.0607889 -3.64165
-5 -0.146218 0.0661715 -2.20968
-4 -0.0709407 0.0725522 -0.977789
-3 0.00435535 0.0799461 0.0544786
-2 0.0795652 0.0883671 0.900394
-1 0.15457 0.0971108 1.59169
0 0.2293 0.0980271 2.33915
1 0.303962 0.0996737 3.04958
2 0.378464 0.10205 3.70862
3 0.452713 0.105154 4.30524
4 0.526619 0.108984 4.83208
5 0.600089 0.113536 5.28544
6 0.673034 0.118807 5.66495
7 0.745362 0.12479 5.97292
8 0.816984 0.131481 6.21373
9 0.887811 0.138871 6.39305
10 0.957755 0.146954 6.51738
11 1.02673 0.155721 6.5934
12 1.09465 0.165161 6.62775
13 1.16094 0.177379 6.54494
14 1.22481 0.194731 6.28975
15 1.27875 0.211368 6.04988
16 1.15328 0.197482 5.83991
17 0.885285 0.158502 5.58531
18 0.658537 0.124996 5.26846
19 0.635536 0.128155 4.95911
20 0.656917 0.137086 4.79202
21 0.675468 0.144749 4.66649
22 0.693244 0.152535 4.54483
23 0.710223 0.160435 4.42686
24 0.726383 0.168441 4.31239
25 0.741704 0.176544 4.20125
26 0.756165 0.184734 4.09325
27 0.769748 0.193003 3.98826
28 0.782434 0.201342 3.8861
29 0.794208 0.20974 3.78663
30 0.805053 0.218189 3.68971
31 0.814954 0.226678 3.5952
32 0.823899 0.235199 3.50298
33 0.831875 0.243742 3.41293
34 0.83887 0.252297 3.32493
35 0.844875 0.260853 3.23889
36 0.849879 0.269403 3.15468
37 0.853877 0.277935 3.07222
38 0.856861 0.28644 2.99141
39 0.858825 0.294909 2.91217
40 0.859766 0.303331 2.83442
41 0.859681 0.311697 2.75807
42 0.858567 0.319997 2.68305
43 0.856425 0.328222 2.60929
44 0.853254 0.336362 2.53671
45 0.849058 0.344408 2.46527
46 0.843839 0.35235 2.39489
47 0.837602 0.360179 2.32552
48 0.830353 0.367886 2.2571
49 0.822099 0.375461 2.18957
50 0.812847 0.382897 2.12289
51 0.802606 0.390184 2.05699
52 0.791387 0.397315 1.99183
53 0.7792 0.404281 1.92737
54 0.76606 0.411074 1.86356
55 0.75198 0.417686 1.80035
56 0.736974 0.424109 1.7377
57 0.721059 0.430337 1.67557
58 0.704251 0.436361 1.61392
59 0.686569 0.442175 1.55271
60 0.668032 0.447772 1.4919
61 0.64866 0.453145 1.43146
62 0.628475 0.458289 1.37135
63 0.607497 0.463197 1.31153
64 0.585752 0.467864 1.25197
65 0.563262 0.472284 1.19263
66 0.540052 0.476452 1.13349
67 0.516149 0.480363 1.0745
68 0.491579 0.484013 1.01563
69 0.466369 0.487397 0.956856
70 0.440547 0.490512 0.898138
71 0.414143 0.493353 0.839445
72 0.387185 0.495918 0.780745
73 0.359705 0.498203 0.722005
74 0.331733 0.500206 0.663192
75 0.3033 0.501924 0.604275
76 0.274438 0.503356 0.545217
77 0.245181 0.5045 0.485988
78 0.21556 0.505353 0.426552
79 0.185609 0.505916 0.366878
80 0.155363 0.506188 0.306927
81 0.124855 0.506168 0.246666
82 0.0941194 0.505857 0.186059
83 0.0631916 0.505254 0.125069
84 0.0321064 0.50436 0.0636576
85 0.00089877 0.503177 0.00178619
86 -0.0303961 0.501705 -0.0605855
87 -0.0617432 0.499947 -0.1235
88 -0.0931061 0.497904 -0.186996
89 -0.124449 0.495579 -0.25112
90 0.13226 0.492973 0.26829
# cl_max 1.27875 at 15 deg
# cd_min 0.0402365 at -15 deg
# ld_max 6.62775 at 12 deg
