This aircraft uses yasim version 'YASIM_VERSION_ORIGINAL'
-15 -0.168055 0.00187596 -89.583
-14 -0.141599 0.00623321 -22.7168
-13 -0.28932 0.0127748 -22.6478
-12 -0.521608 0.0182837 -28.5287
-11 -0.464849 0.0214009 -21.721
-10 -0.402109 0.025309 -15.888
-9 -0.33898 0.0300557 -11.2784
-8 -0.275542 0.035658 -7.72735
-7 -0.211879 0.0421318 -5.02895
-6 -0.148075 0.0494919 -2.9919
-5 -0.0842162 0.057752 -1.45824
-4 -0.047793 0.0729296 -0.655331
-3 0.00359125 0.0854845 0.0420105
-2 0.0791034 0.0937866 0.84344
-1 0.154413 0.102438 1.50739
0 0.229449 0.103287 2.22147
1 0.304418 0.104893 2.90218
2 0.379228 0.107254 3.53578
3 0.453786 0.110369 4.11152
4 0.528 0.114236 4.62201
5 0.601778 0.11885 5.06333
6 0.675028 0.124207 5.43468
7 0.747661 0.130303 5.73788
8 0.819586 0.13713 5.97673
9 0.890714 0.144681 6.15641
10 0.960956 0.152948 6.28289
11 1.03022 0.161923 6.36245
12 1.09843 0.171594 6.40135
13 1.1655 0.181952 6.40552
14 1.22983 0.199152 6.17534
15 1.28409 0.216649 5.92706
16 1.15328 0.202444 5.69682
17 0.87457 0.162273 5.38951
18 0.638632 0.128046 4.98753
19 0.614374 0.132375 4.64117
20 0.637074 0.142591 4.46783
21 0.654504 0.150575 4.34669
22 0.671184 0.158685 4.22967
23 0.687094 0.166911 4.11653
24 0.702213 0.175245 4.00704
25 0.716521 0.183677 3.90098
26 0.73 0.192198 3.79816
27 0.742632 0.200799 3.69839
28 0.754401 0.209469 3.6015
29 0.76529 0.218199 3.50731
30 0.775286 0.226979 3.41567
31 0.784375 0.2358 3.32645
32 0.792544 0.244651 3.23949
33 0.799781 0.253522 3.15468
34 0.806077 0.262404 3.07189
35 0.811421 0.271286 2.99102
36 0.815807 0.280158 2.91196
37 0.819226 0.28901 2.8346
38 0.821673 0.297832 2.75885
39 0.823144 0.306614 2.68463
40 0.823633 0.315346 2.61184
41 0.823141 0.324019 2.54041
42 0.821663 0.332621 2.47027
43 0.819202 0.341143 2.40134
44 0.815757 0.349576 2.33356
45 0.811331 0.35791 2.26686
46 0.805928 0.366134 2.20118
47 0.799552 0.37424 2.13647
48 0.792209 0.382217 2.07267
49 0.783906 0.390058 2.00972
50 0.774651 0.397752 1.94757
51 0.764452 0.405291 1.88618
52 0.75332 0.412667 1.82549
53 0.741267 0.419871 1.76547
54 0.728304 0.426894 1.70605
55 0.714445 0.433729 1.64722
56 0.699705 0.440367 1.58891
57 0.684099 0.446802 1.5311
58 0.667643 0.453025 1.47374
59 0.650355 0.45903 1.4168
60 0.632255 0.464809 1.36024
61 0.61336 0.470356 1.30403
62 0.593693 0.475665 1.24813
63 0.573273 0.480729 1.19251
64 0.552124 0.485542 1.13713
65 0.530269 0.490099 1.08196
66 0.507731 0.494395 1.02697
67 0.484536 0.498424 0.972136
68 0.460708 0.502182 0.917413
69 0.436275 0.505664 0.862777
70 0.411263 0.508867 0.808194
71 0.385701 0.511787 0.753635
72 0.359616 0.514419 0.699071
73 0.333037 0.516762 0.644468
74 0.305995 0.518812 0.589798
75 0.278519 0.520567 0.535029
76 0.250638 0.522025 0.480126
77 0.222388 0.523184 0.425067
78 0.193797 0.524043 0.369811
79 0.164897 0.5246 0.314329
80 0.135722 0.524856 0.25859
81 0.106304 0.524808 0.202558
82 0.076675 0.524458 0.146198
83 0.0468699 0.523806 0.0894794
84 0.0169207 0.522853 0.0323622
85 -0.0131375 0.521599 -0.0251869
86 -0.0432717 0.520046 -0.0832075
87 -0.0734485 0.518196 -0.141739
88 -0.103633 0.51605 -0.20082
89 -0.133792 0.513611 -0.260493
90 0.139604 0.51018 0.273637
# cl_max 1.28409 at 15 deg
# cd_min 0.00187596 at -15 deg
# ld_max 6.40552 at 13 deg
