This aircraft uses yasim version 'YASIM_VERSION_ORIGINAL'
-15 0.0890129 0.0483642 1.84047
-14 0.135612 0.0506441 2.67775
-13 0.182589 0.0533982 3.41938
-12 0.229882 0.0566272 4.05958
-11 0.277438 0.0603311 4.59858
-10 0.325198 0.0645095 5.04109
-9 0.373105 0.0691612 5.39472
-8 0.421104 0.0742844 5.6688
-7 0.340936 0.0624893 5.45592
-6 0.188238 0.0498705 3.77453
-5 0.265374 0.0639563 4.14931
-4 0.390159 0.0776584 5.02404
-3 0.514685 0.0926242 5.55671
-2 0.58256 0.109523 5.31904
-1 0.719759 0.126584 5.68604
0 0.856291 0.145002 5.90537
1 0.991986 0.164761 6.02078
2 1.12668 0.185838 6.06268
3 1.2602 0.208214 6.05245
4 1.3924 0.231863 6.00526
5 1.52301 0.257545 5.91358
6 1.65188 0.284889 5.79834
7 1.7789 0.313419 5.67578
8 1.90389 0.343104 5.54902
9 2.02672 0.373912 5.42031
10 2.14721 0.405807 5.29122
11 2.26524 0.438755 5.16287
12 2.38063 0.472718 5.03605
13 2.49327 0.50766 4.91129
14 2.5835 0.538494 4.79764
15 2.59371 0.54934 4.72149
16 2.54487 0.544333 4.67521
17 2.45579 0.530136 4.63237
18 2.3313 0.511547 4.55735
19 2.23673 0.502796 4.44859
20 2.24791 0.520515 4.31864
21 2.33969 0.557052 4.20012
22 2.43194 0.595031 4.08709
23 2.51983 0.633521 3.9775
24 2.59973 0.671804 3.86977
25 2.66943 0.709339 3.76327
26 2.73422 0.747033 3.66011
27 2.79519 0.785064 3.56047
28 2.85228 0.823385 3.46408
29 2.9054 0.861949 3.37073
30 2.9545 0.900713 3.28018
31 2.99951 0.939626 3.19224
32 3.04039 0.978643 3.10674
33 3.07709 1.01772 3.02352
34 3.10955 1.0568 2.94242
35 3.13775 1.09585 2.86331
36 3.16165 1.13481 2.78605
37 3.18122 1.17365 2.71054
38 3.19644 1.2123 2.63667
39 3.20729 1.25074 2.56432
40 3.21376 1.2889 2.49342
41 3.21584 1.32675 2.42385
42 3.21353 1.36423 2.35556
43 3.20683 1.40131 2.28845
44 3.19576 1.43794 2.22245
45 3.18032 1.47408 2.15749
46 3.16054 1.50968 2.09352
47 3.13644 1.5447 2.03045
48 3.10805 1.5791 1.96825
49 3.07541 1.61283 1.90684
50 3.03856 1.64586 1.84618
51 2.99754 1.67815 1.78621
52 2.9524 1.70966 1.72689
53 2.9032 1.74035 1.66817
54 2.85001 1.77019 1.61
55 2.79288 1.79913 1.55235
56 2.73188 1.82715 1.49516
57 2.6671 1.85421 1.4384
58 2.59861 1.88029 1.38203
59 2.52649 1.90534 1.326
60 2.45084 1.92934 1.27029
61 1.10309 0.807879 1.36542
62 0.952569 0.734607 1.29671
63 0.920607 0.743188 1.23873
64 0.887396 0.751356 1.18106
65 0.852977 0.7591 1.12367
66 0.817393 0.766416 1.06651
67 0.780689 0.773292 1.00957
68 0.742909 0.779722 0.952787
69 0.704099 0.7857 0.896143
70 0.664307 0.791219 0.8396
71 0.623583 0.796274 0.783126
72 0.581977 0.800858 0.726692
73 0.539539 0.804969 0.67026
74 0.49632 0.808603 0.6138
75 0.452376 0.811755 0.557282
76 0.40776 0.814424 0.500673
77 0.362524 0.816606 0.44394
78 0.316726 0.818301 0.387054
79 0.270423 0.819507 0.329982
80 0.223669 0.820225 0.272692
81 0.176522 0.820455 0.215151
82 0.12904 0.820197 0.157328
83 0.081282 0.819453 0.0991906
84 0.0333039 0.818225 0.0407027
85 -0.014833 0.816516 -0.0181662
86 -0.0630725 0.814329 -0.0774534
87 0.554787 0.838622 0.661546
88 0.506218 0.847125 0.597571
89 0.457317 0.855147 0.534782
90 0.408146 0.862676 0.473116
# cl_max 3.21584 at 41 deg
# cd_min 0.0483642 at -15 deg
# ld_max 6.06268 at 2 deg
