This aircraft uses yasim version '2017.2'
-15 -0.496821 -0.00307421 161.609
-14 -0.579771 0.00763492 -75.9367
-13 -0.565857 -0.001948 290.481
-12 -0.505972 -0.0169633 29.8274
-11 -0.425531 -0.0304647 13.968
-10 -0.341536 -0.0288383 11.8431
-9 -0.256856 -0.0247483 10.3787
-8 -0.17178 -0.0197847 8.68245
-7 -0.0864102 -0.0139536 6.19267
-6 -0.000849179 -0.00726135 0.116945
-5 0.0847978 0.000284345 298.222
-4 0.17043 0.00867448 19.6473
-3 0.255943 0.0178992 14.2991
-2 0.341233 0.0279479 12.2096
-1 0.426197 0.0388088 10.982
0 0.510733 0.0504689 10.1197
1 0.594738 0.0629147 9.45308
2 0.678112 0.0761315 8.90711
3 0.760753 0.0901038 8.44307
4 0.842562 0.104815 8.03853
5 0.923439 0.120249 7.67939
6 1.00329 0.136387 7.35621
7 1.08197 0.153435 7.05162
8 1.15927 0.171853 6.74572
9 1.23523 0.190908 6.47028
10 1.30975 0.210579 6.21977
11 1.3783 0.22968 6.00097
12 1.38284 0.233374 5.92542
13 1.28982 0.216003 5.97132
14 1.13486 0.184974 6.13526
15 0.957797 0.146987 6.51619
16 0.843455 0.121516 6.94109
17 0.764657 0.0993998 7.69274
18 0.686042 0.0777541 8.82323
19 0.613068 0.0609557 10.0576
20 0.57886 0.0567573 10.1989
21 0.587111 0.0624915 9.39507
22 0.61691 0.0717359 8.59973
23 0.648056 0.081566 7.94517
24 0.67764 0.0915323 7.40329
25 0.70294 0.101139 6.95021
26 0.722333 0.110015 6.56578
27 0.739904 0.118825 6.22682
28 0.756503 0.127715 5.92337
29 0.772111 0.136673 5.64933
30 0.786711 0.145691 5.39986
31 0.800286 0.154758 5.17122
32 0.812823 0.163864 4.96034
33 0.824307 0.173001 4.76474
34 0.834725 0.182157 4.58244
35 0.844068 0.191324 4.41173
36 0.852325 0.200491 4.25119
37 0.859488 0.209648 4.09966
38 0.865548 0.218787 3.95613
39 0.870501 0.227897 3.81971
40 0.874341 0.236969 3.68968
41 0.877065 0.245994 3.56539
42 0.87867 0.254961 3.44629
43 0.879157 0.263862 3.33188
44 0.878525 0.272688 3.22173
45 0.876777 0.281428 3.11546
46 0.873915 0.290075 3.01272
47 0.869943 0.29862 2.91321
48 0.864868 0.307053 2.81668
49 0.858697 0.315366 2.72286
50 0.851437 0.323551 2.63154
51 0.843099 0.331599 2.54253
52 0.833692 0.339502 2.45563
53 0.82323 0.347252 2.3707
54 0.811725 0.354841 2.28757
55 0.799191 0.362263 2.20611
56 0.785646 0.369508 2.12619
57 0.771105 0.37657 2.0477
58 0.755586 0.383442 1.97053
59 0.73911 0.390118 1.89458
60 0.721695 0.39659 1.81975
61 0.703363 0.402851 1.74596
62 0.684139 0.408897 1.67313
63 0.664044 0.41472 1.60118
64 0.643103 0.420316 1.53005
65 0.621343 0.425679 1.45965
66 0.598789 0.430803 1.38994
67 0.575469 0.435684 1.32084
68 0.551413 0.440317 1.25231
69 0.526648 0.444698 1.18428
70 0.501206 0.448822 1.11671
71 0.475117 0.452687 1.04955
72 0.448414 0.456288 0.982744
73 0.421128 0.459621 0.916251
74 0.393294 0.462685 0.850024
75 0.364945 0.465477 0.784025
76 0.336115 0.467994 0.718204
77 0.306841 0.470234 0.652529
78 0.277157 0.472196 0.586954
79 0.247101 0.473878 0.521444
80 0.216706 0.47528 0.455955
81 0.186014 0.4764 0.390457
82 0.155059 0.477239 0.324908
83 0.12388 0.477796 0.259274
84 0.0925159 0.478072 0.193519
85 0.0610031 0.478067 0.127604
86 0.408135 0.480128 0.850055
87 0.397755 0.486442 0.817682
88 0.365986 0.49259 0.742983
89 0.333981 0.498458 0.670028
90 0.301778 0.50404 0.598719
# cl_max 1.38284 at 12 deg
# cd_min -0.0304647 at -11 deg
# ld_max 298.222 at -5 deg
