This aircraft uses yasim version 'YASIM_VERSION_ORIGINAL'
-15 0.108262 0.0380474 2.84544
-14 0.145668 0.0412397 3.53224
-13 0.191957 0.0441379 4.34902
-12 0.23908 0.0474578 5.03774
-11 0.286459 0.0512429 5.59023
-10 0.334039 0.0554926 6.01953
-9 0.381763 0.0602053 6.34102
-8 0.429575 0.0653796 6.57047
-7 0.428235 0.0646447 6.62444
-6 0.21662 0.0397743 5.44624
-5 0.260107 0.0549872 4.73032
-4 0.38732 0.0685975 5.64627
-3 0.514287 0.083487 6.16008
-2 0.640851 0.0996412 6.43158
-1 0.720472 0.11764 6.12436
0 0.85648 0.135952 6.29986
1 0.991664 0.155588 6.37365
2 1.12586 0.176528 6.37779
3 1.2589 0.19875 6.33408
4 1.39062 0.222231 6.25755
5 1.52086 0.246946 6.15869
6 1.64946 0.272868 6.04492
7 1.77626 0.299969 5.92149
8 1.90091 0.329668 5.76615
9 2.02337 0.360716 5.60931
10 2.1435 0.392839 5.45643
11 2.26116 0.426001 5.30788
12 2.3762 0.460165 5.16381
13 2.48849 0.495292 5.02428
14 2.58052 0.526966 4.89693
15 2.59053 0.538664 4.80919
16 2.53763 0.533848 4.75347
17 2.4608 0.521989 4.71428
18 2.38442 0.510605 4.66979
19 2.31565 0.504343 4.59142
20 2.30653 0.516569 4.46509
21 2.35912 0.545455 4.32505
22 2.45217 0.583956 4.19925
23 2.54668 0.624225 4.07975
24 2.63713 0.665095 3.96505
25 2.71874 0.705423 3.85406
26 2.78777 0.74419 3.74605
27 2.8504 0.782715 3.64169
28 2.90907 0.821539 3.54101
29 2.96372 0.860616 3.44372
30 3.01428 0.899899 3.34958
31 3.06069 0.939342 3.25834
32 3.1029 0.978897 3.16979
33 3.14085 1.01852 3.08375
34 3.1745 1.05815 3.00004
35 3.20381 1.09776 2.9185
36 3.22875 1.13729 2.83899
37 3.24929 1.17669 2.76138
38 3.2654 1.21592 2.68553
39 3.27707 1.25494 2.61134
40 3.28427 1.29368 2.5387
41 3.28702 1.33212 2.46751
42 3.28529 1.3702 2.39768
43 3.2791 1.40787 2.32912
44 3.26846 1.4451 2.26175
45 3.25337 1.48184 2.1955
46 3.23386 1.51804 2.1303
47 3.20996 1.55366 2.06607
48 3.18169 1.58866 2.00275
49 3.14908 1.623 1.94029
50 3.11219 1.65663 1.87863
51 3.07105 1.68952 1.81771
52 3.02572 1.72163 1.75747
53 2.97625 1.75292 1.69788
54 2.92271 1.78335 1.63888
55 2.86516 1.8129 1.58043
56 2.80366 1.84151 1.52248
57 2.73831 1.86917 1.46499
58 2.66917 1.89583 1.40792
59 2.58597 1.91174 1.35268
60 1.04307 0.716062 1.45667
61 0.987681 0.711086 1.38898
62 0.957536 0.720036 1.32984
63 0.926112 0.728592 1.2711
64 0.893447 0.736744 1.2127
65 0.859585 0.744484 1.1546
66 0.824565 0.751804 1.09678
67 0.788431 0.758697 1.03919
68 0.751228 0.765156 0.981798
69 0.713002 0.771173 0.924569
70 0.673801 0.776743 0.86747
71 0.633672 0.781862 0.810466
72 0.592664 0.786524 0.753524
73 0.55083 0.790725 0.696615
74 0.508219 0.794461 0.639703
75 0.464885 0.79773 0.58276
76 0.42088 0.800529 0.525752
77 0.376258 0.802855 0.46865
78 0.331075 0.804709 0.411422
79 0.285385 0.806089 0.354036
80 0.239245 0.806995 0.296464
81 0.192711 0.807427 0.238673
82 0.145841 0.807388 0.180633
83 0.0986905 0.806877 0.122312
84 0.0513189 0.805897 0.0636791
85 0.00378295 0.804452 0.00470252
86 0.595975 0.825933 0.721577
87 0.586041 0.832444 0.704
88 0.538001 0.841458 0.639367
89 0.489617 0.850004 0.576018
90 0.440947 0.858072 0.513881
# cl_max 3.28702 at 41 deg
# cd_min 0.0380474 at -15 deg
# ld_max 6.62444 at -7 deg
