This aircraft uses yasim version 'YASIM_VERSION_32'
-15 0.0612719 0.102585 0.597277
-14 0.132888 0.10911 1.21793
-13 0.215976 0.114874 1.88012
-12 0.299775 0.121378 2.46977
-11 0.384075 0.128634 2.9858
-10 0.468777 0.136637 3.43081
-9 0.553777 0.145383 3.8091
-8 0.638973 0.154864 4.12604
-7 0.643674 0.152583 4.21852
-6 0.305551 0.105228 2.90372
-5 0.384758 0.132333 2.9075
-4 0.599739 0.15772 3.80255
-3 0.814185 0.185194 4.3964
-2 1.02784 0.214718 4.78693
-1 1.16791 0.2511 4.65117
0 1.39653 0.283159 4.93197
1 1.6237 0.317325 5.11682
2 1.84913 0.353559 5.23005
3 2.07256 0.391817 5.28961
4 2.2937 0.432053 5.30884
5 2.5123 0.474221 5.29774
6 2.72808 0.518271 5.26381
7 2.94066 0.564769 5.20685
8 3.14949 0.614967 5.1214
9 3.35463 0.666863 5.03047
10 3.55584 0.720396 4.93596
11 3.74074 0.77233 4.84345
12 3.75059 0.782085 4.79562
13 3.49371 0.734199 4.75853
14 3.06744 0.648919 4.727
15 2.58075 0.544571 4.73904
16 2.26556 0.474397 4.77567
17 2.04758 0.413351 4.9536
18 1.8301 0.353545 5.17641
19 1.62805 0.306949 5.30399
20 1.53202 0.294759 5.19753
21 1.55209 0.309682 5.0119
22 1.6311 0.334158 4.88122
23 1.7138 0.360189 4.75806
24 1.79225 0.386547 4.63655
25 1.85899 0.411878 4.51346
26 1.9096 0.435162 4.38826
27 1.95524 0.458224 4.267
28 1.99825 0.481456 4.15042
29 2.03855 0.504833 4.03808
30 2.07613 0.528327 3.92962
31 2.11092 0.551912 3.82473
32 2.14289 0.575561 3.72313
33 2.172 0.59925 3.62453
34 2.19823 0.622949 3.52874
35 2.22153 0.646633 3.43553
36 2.24189 0.670276 3.34472
37 2.25928 0.693853 3.25614
38 2.27368 0.717336 3.16962
39 2.28508 0.7407 3.08503
40 2.29347 0.763919 3.00224
41 2.29883 0.786969 2.92112
42 2.30116 0.809823 2.84156
43 2.30047 0.832457 2.76346
44 2.29674 0.854846 2.68673
45 2.28999 0.876967 2.61126
46 2.28023 0.898793 2.53699
47 2.26747 0.920304 2.46383
48 2.25172 0.941473 2.3917
49 2.23301 0.962279 2.32054
50 2.21136 0.9827 2.25029
51 2.18679 1.00271 2.18087
52 2.15934 1.0223 2.11224
53 2.12904 1.04143 2.04434
54 2.09592 1.06009 1.97711
55 2.06003 1.07826 1.91051
56 2.02141 1.09592 1.84448
57 1.9801 1.11305 1.77898
58 1.93617 1.12963 1.71398
59 1.88965 1.14565 1.64941
60 1.8406 1.16108 1.58525
61 1.7891 1.17591 1.52146
62 1.73519 1.19012 1.45799
63 1.67894 1.2037 1.39481
64 1.62042 1.21663 1.33189
65 1.5597 1.22891 1.26918
66 1.49686 1.24051 1.20665
67 1.43197 1.25142 1.14428
68 1.3651 1.26163 1.08201
69 1.29634 1.27113 1.01983
70 1.22578 1.27991 0.957703
71 1.15349 1.28797 0.89559
72 1.07956 1.29528 0.833461
73 1.0041 1.30185 0.771286
74 0.92717 1.30766 0.709031
75 0.848884 1.31271 0.646664
76 0.76933 1.317 0.584153
77 0.688604 1.32052 0.521465
78 0.606807 1.32326 0.458569
79 0.524037 1.32523 0.395431
80 0.440393 1.32642 0.332016
81 0.355978 1.32683 0.268292
82 0.270895 1.32646 0.204224
83 0.185246 1.32532 0.139775
84 0.0991366 1.32339 0.074911
85 0.0126724 1.3207 0.00959522
86 0.961607 1.32364 0.726486
87 0.933019 1.33821 0.697213
88 0.845998 1.35233 0.625587
89 0.758377 1.36567 0.555315
90 0.670265 1.37823 0.486323
# cl_max 3.75059 at 12 deg
# cd_min 0.102585 at -15 deg
# ld_max 5.30884 at 4 deg
