This aircraft uses yasim version 'YASIM_VERSION_32'
-15 0.00076798 0.0490654 0.0156522
-14 0.0519058 0.0518813 1.00047
-13 0.103489 0.0551691 1.87585
-12 0.155454 0.0589279 2.63803
-11 0.20774 0.063156 3.28931
-10 0.260283 0.0678509 3.83611
-9 0.313023 0.0730094 4.28743
-8 0.365893 0.0786282 4.65345
-7 0.29228 0.0643873 4.53941
-6 0.148246 0.0495836 2.98981
-5 0.230262 0.0650955 3.5373
-4 0.358805 0.0804667 4.45905
-3 0.487017 0.0970873 5.01628
-2 0.561624 0.117355 4.78567
-1 0.702016 0.135594 5.17732
0 0.84168 0.155152 5.42489
1 0.980447 0.176003 5.57062
2 1.11815 0.198124 5.64366
3 1.25461 0.221488 5.66447
4 1.38968 0.246066 5.64756
5 1.52301 0.272895 5.58095
6 1.65458 0.300887 5.499
7 1.78422 0.329993 5.40684
8 1.91177 0.360178 5.30785
9 2.03708 0.391406 5.20453
10 2.16 0.42364 5.09867
11 2.27999 0.45674 4.99189
12 2.34503 0.476516 4.92121
13 2.26201 0.461456 4.90188
14 2.04098 0.415104 4.9168
15 1.72338 0.342586 5.03052
16 1.45777 0.280098 5.20448
17 1.28636 0.23852 5.39311
18 1.11191 0.197985 5.61613
19 0.972917 0.168941 5.75892
20 0.94613 0.166803 5.67214
21 0.992628 0.180773 5.49103
22 1.04051 0.195576 5.32021
23 1.0857 0.210543 5.15666
24 1.125 0.225152 4.9966
25 1.15712 0.239103 4.83941
26 1.18708 0.253106 4.69003
27 1.21544 0.267237 4.54816
28 1.24217 0.281479 4.41299
29 1.26723 0.295816 4.28384
30 1.2906 0.310232 4.16012
31 1.31225 0.32471 4.04131
32 1.33217 0.339234 3.92698
33 1.35031 0.353788 3.81672
34 1.36667 0.368356 3.71018
35 1.38122 0.382921 3.60707
36 1.39396 0.397468 3.50709
37 1.40485 0.41198 3.41001
38 1.41391 0.426442 3.31559
39 1.4211 0.440837 3.22365
40 1.42643 0.45515 3.13399
41 1.4299 0.469364 3.04645
42 1.43148 0.483467 2.96088
43 1.4312 0.49744 2.87713
44 1.42904 0.51127 2.79509
45 1.42502 0.524941 2.71463
46 1.41913 0.538439 2.63564
47 1.41138 0.551748 2.55802
48 1.40179 0.564856 2.48167
49 1.39036 0.577748 2.40653
50 1.37712 0.590409 2.33248
51 1.36207 0.602826 2.25947
52 1.34523 0.614987 2.18742
53 1.32664 0.626878 2.11626
54 1.3063 0.638486 2.04593
55 1.28424 0.649799 1.97636
56 1.26049 0.660804 1.90751
57 1.23508 0.671491 1.83931
58 1.20804 0.681846 1.77171
59 1.1794 0.69186 1.70467
60 1.14919 0.701522 1.63814
61 1.11746 0.710821 1.57207
62 1.08424 0.719746 1.50642
63 1.04957 0.72829 1.44114
64 1.01349 0.736441 1.3762
65 0.976044 0.744192 1.31155
66 0.93728 0.751534 1.24716
67 0.897243 0.75846 1.18298
68 0.855981 0.76496 1.11899
69 0.813545 0.771029 1.05514
70 0.769984 0.77666 0.991404
71 0.725351 0.781847 0.92774
72 0.679699 0.786584 0.864116
73 0.633085 0.790865 0.800498
74 0.585565 0.794686 0.736851
75 0.537195 0.798044 0.673139
76 0.488033 0.800934 0.609331
77 0.438141 0.803352 0.545391
78 0.387576 0.805297 0.481284
79 0.336402 0.806766 0.416975
80 0.284679 0.807758 0.352431
81 0.23247 0.808271 0.287614
82 0.179841 0.808307 0.222491
83 0.126852 0.807863 0.157022
84 0.073569 0.80694 0.0911704
85 0.0200585 0.805542 0.0249006
86 -0.0336177 0.803668 -0.0418304
87 0.560185 0.810511 0.69115
88 0.506375 0.819002 0.618282
89 0.452203 0.827021 0.546785
90 0.397735 0.834556 0.476582
# cl_max 2.34503 at 12 deg
# cd_min 0.0490654 at -15 deg
# ld_max 5.75892 at 19 deg
