This aircraft uses yasim version 'YASIM_VERSION_CURRENT'
-15 -0.804683 0.0568408 -14.1568
-14 -0.942886 0.074829 -12.6005
-13 -0.920972 0.0592583 -15.5417
-12 -0.82307 0.034692 -23.7251
-11 -0.691189 0.0126117 -54.8054
-10 -0.553435 0.0155226 -35.6534
-9 -0.414557 0.0224896 -18.4332
-8 -0.275026 0.0308836 -8.90525
-7 -0.135012 0.0406946 -3.3177
-6 0.00531282 0.0519115 0.102344
-5 0.145781 0.0645216 2.25941
-4 0.286219 0.07851 3.64563
-3 0.426457 0.09386 4.54355
-2 0.566326 0.110554 5.12263
-1 0.705654 0.128572 5.48841
0 0.844272 0.147892 5.70869
1 0.982013 0.168493 5.82821
2 1.11871 0.190349 5.87714
3 1.25419 0.213435 5.87621
4 1.3883 0.237725 5.83995
5 1.52087 0.263188 5.77864
6 1.65173 0.289796 5.69965
7 1.78067 0.31789 5.60152
8 1.90733 0.348229 5.47724
9 2.03177 0.379601 5.35239
10 2.15383 0.41197 5.22813
11 2.26604 0.443381 5.11082
12 2.27241 0.449299 5.05769
13 2.11754 0.420379 5.03722
14 1.86027 0.36886 5.04329
15 1.56646 0.305821 5.12215
16 1.37634 0.26345 5.22429
17 1.24498 0.226605 5.49404
18 1.11393 0.190519 5.8468
19 0.992207 0.162427 6.10863
20 0.934573 0.155143 6.02393
21 0.947132 0.164259 5.76609
22 0.995315 0.179158 5.55551
23 1.04573 0.195006 5.36256
24 1.09358 0.21106 5.18136
25 1.13435 0.226501 5.00813
26 1.16536 0.240713 4.84127
27 1.19336 0.254799 4.68354
28 1.21977 0.268998 4.53451
29 1.24455 0.283291 4.39319
30 1.26767 0.297663 4.25875
31 1.28911 0.312099 4.13044
32 1.30884 0.326582 4.00768
33 1.32684 0.341097 3.88991
34 1.34309 0.355626 3.77668
35 1.35757 0.370154 3.66757
36 1.37026 0.384666 3.56221
37 1.38116 0.399145 3.4603
38 1.39025 0.413576 3.36154
39 1.39752 0.427943 3.26567
40 1.40296 0.442229 3.17247
41 1.40657 0.456421 3.08174
42 1.40834 0.470502 2.99328
43 1.40828 0.484458 2.90692
44 1.40638 0.498273 2.82251
45 1.40265 0.511932 2.73992
46 1.39709 0.525421 2.659
47 1.38972 0.538726 2.57964
48 1.38053 0.551832 2.50172
49 1.36955 0.564725 2.42516
50 1.35678 0.577392 2.34984
51 1.34224 0.589819 2.27569
52 1.32596 0.601992 2.20261
53 1.30794 0.6139 2.13054
54 1.28822 0.625529 2.0594
55 1.26681 0.636866 1.98913
56 1.24375 0.647901 1.91965
57 1.21905 0.658621 1.85092
58 1.19276 0.669015 1.78286
59 1.1649 0.679072 1.71543
60 1.13551 0.688781 1.64858
61 1.10462 0.698132 1.58225
62 1.07227 0.707116 1.51641
63 1.03851 0.715722 1.45099
64 1.00336 0.723941 1.38596
65 0.966871 0.731766 1.32128
66 0.929093 0.739188 1.25691
67 0.890068 0.746198 1.1928
68 0.849842 0.75279 1.12892
69 0.808466 0.758957 1.06523
70 0.765989 0.764692 1.0017
71 0.722461 0.76999 0.938273
72 0.677938 0.774844 0.874935
73 0.632472 0.779251 0.811642
74 0.586117 0.783205 0.748357
75 0.538932 0.786704 0.685051
76 0.490972 0.789741 0.621687
77 0.442297 0.792316 0.558233
78 0.392965 0.794426 0.494652
79 0.343036 0.79607 0.430912
80 0.292571 0.797245 0.366978
81 0.241631 0.79795 0.302814
82 0.190279 0.798187 0.238389
83 0.138576 0.797955 0.173664
84 0.0865864 0.797255 0.108606
85 0.0343745 0.796089 0.0431792
86 0.608104 0.798336 0.761714
87 0.590864 0.807612 0.731618
88 0.538289 0.816612 0.659174
89 0.485344 0.825147 0.58819
90 0.432092 0.833209 0.518588
# cl_max 2.27241 at 12 deg
# cd_min 0.0126117 at -11 deg
# ld_max 6.10863 at 19 deg
