This aircraft uses yasim version '2017.2'
-15 0.0949616 0.0350714 2.70766
-14 0.130318 0.0398845 3.26738
-13 0.0166381 0.0285555 0.582658
-12 -0.329204 -0.000435138 756.55
-11 -0.492571 -0.0024752 199.003
-10 -0.453939 0.0114894 -39.5095
-9 -0.382157 0.0247815 -15.4211
-8 -0.278564 0.0359397 -7.75087
-7 -0.138945 0.0450669 -3.08309
-6 0.00260137 0.0554619 0.0469038
-5 0.144337 0.0672562 2.14608
-4 0.286086 0.080437 3.55664
-3 0.427679 0.0949888 4.50241
-2 0.568941 0.110895 5.13043
-1 0.709702 0.128138 5.53857
0 0.849791 0.146698 5.79281
1 0.989037 0.166552 5.93831
2 1.12727 0.187678 6.00639
3 1.26432 0.210052 6.01908
4 1.40002 0.233648 5.99203
5 1.53421 0.258438 5.93649
6 1.66673 0.284394 5.86063
7 1.7971 0.312797 5.74527
8 1.92541 0.342388 5.62348
9 2.05152 0.373036 5.49952
10 2.17527 0.404706 5.37493
11 2.28931 0.435524 5.25646
12 2.29954 0.44198 5.2028
13 2.15158 0.415022 5.18426
14 1.87113 0.363277 5.1507
15 1.51475 0.296007 5.11726
16 1.26472 0.248242 5.09472
17 1.12041 0.210514 5.32224
18 1.00828 0.177234 5.68895
19 0.949477 0.157627 6.02357
20 0.965149 0.160354 6.01885
21 1.01387 0.17456 5.80818
22 1.05431 0.188272 5.59992
23 1.08786 0.201412 5.40117
24 1.11996 0.214725 5.21581
25 1.15058 0.228194 5.04211
26 1.17967 0.241806 4.8786
27 1.20721 0.255543 4.7241
28 1.23316 0.269392 4.57758
29 1.2575 0.283336 4.43819
30 1.28019 0.297359 4.30518
31 1.3012 0.311447 4.17793
32 1.32053 0.325583 4.05588
33 1.33813 0.339752 3.93855
34 1.354 0.353938 3.82553
35 1.36811 0.368126 3.71642
36 1.38045 0.3823 3.61092
37 1.39101 0.396445 3.50871
38 1.39977 0.410545 3.40954
39 1.40673 0.424585 3.31318
40 1.41187 0.43855 3.21939
41 1.41519 0.452426 3.128
42 1.41669 0.466195 3.03883
43 1.41636 0.479845 2.95171
44 1.41422 0.493361 2.86649
45 1.41025 0.506728 2.78305
46 1.40447 0.519931 2.70126
47 1.39688 0.532957 2.621
48 1.3875 0.545792 2.54217
49 1.37633 0.558422 2.46467
50 1.36338 0.570834 2.38841
51 1.34868 0.583015 2.31329
52 1.33225 0.59495 2.23926
53 1.31409 0.60663 2.16622
54 1.29424 0.618039 2.0941
55 1.27271 0.629168 2.02285
56 1.24954 0.640003 1.9524
57 1.22475 0.650534 1.88268
58 1.19837 0.660748 1.81365
59 1.17043 0.670636 1.74525
60 1.14096 0.680187 1.67742
61 1.11001 0.689391 1.61013
62 1.0776 0.698237 1.54332
63 1.04378 0.706717 1.47694
64 1.00859 0.714822 1.41096
65 0.972063 0.722543 1.34534
66 0.934252 0.729871 1.28002
67 0.895199 0.7368 1.21498
68 0.85495 0.743321 1.15018
69 0.813553 0.749429 1.08557
70 0.77106 0.755116 1.02111
71 0.727519 0.760376 0.956789
72 0.682984 0.765203 0.892552
73 0.637508 0.769594 0.828369
74 0.591144 0.773543 0.764203
75 0.54395 0.777046 0.700023
76 0.495982 0.780099 0.635794
77 0.447297 0.7827 0.57148
78 0.397955 0.784845 0.507049
79 0.348014 0.786534 0.442466
80 0.297535 0.787762 0.377697
81 0.246578 0.788532 0.312705
82 0.195205 0.788841 0.247457
83 0.143478 0.788689 0.18192
84 0.0914594 0.788078 0.116054
85 0.0650717 0.787386 0.0826427
86 0.616358 0.790051 0.78015
87 0.564122 0.799068 0.705974
88 0.511466 0.807636 0.633288
89 0.458455 0.815746 0.562007
90 0.405152 0.823388 0.492055
# cl_max 2.29954 at 12 deg
# cd_min -0.0024752 at -11 deg
# ld_max 756.55 at -12 deg
