-15 0.175373 0.034139 5.13702
-14 0.206494 0.0378109 5.46122
-13 0.0875419 0.02827 3.09664
-12 -0.26586 0.00467011 -56.9279
-11 -0.423469 0.00277368 -152.674
-10 -0.335593 0.00993931 -33.7643
-9 -0.212301 0.0165687 -12.8134
-8 -0.0884854 0.0244889 -3.61329
-7 0.0356996 0.0336937 1.05953
-6 0.160104 0.0441762 3.62421
-5 0.284577 0.0559275 5.08832
-4 0.408966 0.0689374 5.93243
-3 0.533121 0.0831937 6.40819
-2 0.656889 0.0986831 6.65655
-1 0.744037 0.115525 6.44049
0 0.859488 0.133237 6.45083
1 0.995448 0.152201 6.54036
2 1.13045 0.172476 6.55421
3 1.26432 0.194043 6.51565
4 1.3969 0.216879 6.44093
5 1.52802 0.240958 6.34145
6 1.65753 0.266257 6.22532
7 1.78512 0.293807 6.07582
8 1.91067 0.322936 5.91656
9 2.03408 0.353186 5.75922
10 2.15519 0.384525 5.6048
11 2.27385 0.416919 5.45395
12 2.38992 0.45033 5.30705
13 2.50325 0.484722 5.16431
14 2.57167 0.512176 5.02108
15 2.5165 0.513692 4.89884
16 2.39843 0.498498 4.81131
17 2.30389 0.48355 4.76452
18 2.23939 0.474026 4.72419
19 2.22811 0.478093 4.66041
20 2.2917 0.503702 4.54972
21 2.38779 0.540524 4.41754
22 2.47406 0.576911 4.28847
23 2.55022 0.612563 4.1632
24 2.62272 0.648675 4.0432
25 2.6916 0.685225 3.92805
26 2.75676 0.722171 3.81733
27 2.81814 0.759468 3.71068
28 2.87565 0.79707 3.60778
29 2.92923 0.834934 3.50834
30 2.97882 0.873013 3.41211
31 3.02435 0.911263 3.31885
32 3.06576 0.949636 3.22836
33 3.10302 0.988087 3.14043
34 3.13608 1.02657 3.0549
35 3.16489 1.06504 2.97161
36 3.18942 1.10345 2.8904
37 3.20965 1.14176 2.81115
38 3.22555 1.17991 2.73372
39 3.23709 1.21787 2.658
40 3.24428 1.25558 2.58389
41 3.24709 1.293 2.51127
42 3.24553 1.3301 2.44006
43 3.2396 1.36682 2.37018
44 3.22931 1.40312 2.30152
45 3.21467 1.43895 2.23403
46 3.19569 1.47428 2.16763
47 3.17241 1.50906 2.10224
48 3.14485 1.54326 2.0378
49 3.11305 1.57682 1.97426
50 3.07705 1.60971 1.91155
51 3.03688 1.6419 1.84961
52 2.9926 1.67334 1.7884
53 2.94427 1.70399 1.72786
54 2.89193 1.73383 1.66795
55 2.83567 1.76281 1.60861
56 2.77554 1.7909 1.5498
57 2.71162 1.81807 1.49149
58 2.64399 1.84428 1.43362
59 2.56249 1.86011 1.3776
60 1.04514 0.702548 1.48764
61 0.990542 0.697802 1.41952
62 0.96052 0.706611 1.35933
63 0.92923 0.715038 1.29955
64 0.896712 0.723075 1.24014
65 0.863006 0.730712 1.18105
66 0.828153 0.737942 1.12225
67 0.792195 0.744757 1.0637
68 0.755176 0.75115 1.00536
69 0.717143 0.757116 0.947204
70 0.67814 0.762646 0.889194
71 0.638217 0.767738 0.831295
72 0.59742 0.772385 0.773475
73 0.555801 0.776583 0.715701
74 0.513409 0.780329 0.65794
75 0.470297 0.783619 0.600161
76 0.426516 0.786451 0.542331
77 0.382122 0.788822 0.484421
78 0.337166 0.790731 0.426397
79 0.291705 0.792177 0.368232
80 0.245792 0.79316 0.30989
81 0.199483 0.79368 0.25134
82 0.152837 0.793738 0.192553
83 0.105907 0.793335 0.133496
84 0.0587521 0.792473 0.0741376
85 0.0381793 0.789166 0.0483793
86 0.604346 0.810282 0.745847
87 0.556859 0.819251 0.679717
88 0.508989 0.827768 0.614893
89 0.460792 0.835824 0.551303
90 0.412328 0.84341 0.488881
# cl_max 3.24709 at 41 deg
# cd_min 0.00277368 at -11 deg
# ld_max 6.65655 at -2 deg
