-15 0.122927 0.0415857 2.956
-14 0.134546 0.0423019 3.1806
-13 -0.0998862 0.0205435 -4.86217
-12 -0.421917 0.00426455 -98.9357
-11 -0.456945 0.00641687 -71.21
-10 -0.342046 0.0127426 -26.8427
-9 -0.216627 0.019976 -10.8444
-8 -0.0906849 0.0285323 -3.17832
-7 0.0356295 0.0384049 0.927735
-6 0.162162 0.0495862 3.27031
-5 0.288759 0.0620667 4.6524
-4 0.415265 0.0758352 5.47589
-3 0.541528 0.090879 5.95878
-2 0.667392 0.107184 6.22661
-1 0.792702 0.124734 6.35515
0 0.85793 0.141512 6.06261
1 0.992621 0.161618 6.14179
2 1.12925 0.183154 6.16559
3 1.26474 0.206001 6.13946
4 1.39891 0.230135 6.07864
5 1.5316 0.255529 5.99382
6 1.66264 0.282157 5.8926
7 1.79181 0.310716 5.76672
8 1.91896 0.340698 5.63245
9 2.04396 0.371817 5.4972
10 2.16663 0.404041 5.36241
11 2.28684 0.437333 5.22907
12 2.40443 0.471655 5.09786
13 2.51926 0.506971 4.96923
14 2.61147 0.538269 4.85161
15 2.62279 0.549872 4.76983
16 2.57442 0.545827 4.71654
17 2.50431 0.535391 4.67754
18 2.44808 0.528161 4.6351
19 2.4241 0.53135 4.56216
20 2.42118 0.546456 4.4307
21 2.43049 0.568007 4.27898
22 2.46908 0.595778 4.14429
23 2.5529 0.633524 4.02968
24 2.63656 0.672558 3.9202
25 2.71661 0.712175 3.81452
26 2.79009 0.751693 3.71174
27 2.85447 0.790445 3.61121
28 2.91288 0.829046 3.51353
29 2.96728 0.867904 3.41891
30 3.01761 0.90697 3.32714
31 3.06382 0.946201 3.23802
32 3.10583 0.985546 3.15138
33 3.14361 1.02496 3.06706
34 3.1771 1.06439 2.9849
35 3.20627 1.1038 2.90475
36 3.23109 1.14314 2.82651
37 3.25152 1.18235 2.75003
38 3.26753 1.2214 2.67523
39 3.27911 1.26024 2.60198
40 3.28625 1.29881 2.53021
41 3.28894 1.33707 2.4598
42 3.28717 1.37498 2.39069
43 3.28094 1.4125 2.32279
44 3.27028 1.44957 2.25603
45 3.25518 1.48616 2.19033
46 3.23567 1.52221 2.12564
47 3.21177 1.55769 2.06188
48 3.18351 1.59255 1.999
49 3.15093 1.62676 1.93694
50 3.11406 1.66026 1.87564
51 3.07296 1.69303 1.81506
52 3.02767 1.72503 1.75514
53 2.97824 1.7562 1.69584
54 2.92474 1.78652 1.63711
55 2.86724 1.81596 1.57891
56 2.8058 1.84447 1.52119
57 2.74049 1.87203 1.46392
58 2.67141 1.89859 1.40705
59 2.59863 1.92414 1.35054
60 2.52224 1.94863 1.29436
61 1.14762 0.82402 1.39271
62 0.994801 0.750435 1.32563
63 0.962115 0.759173 1.26732
64 0.928136 0.767494 1.20931
65 0.892904 0.775387 1.15156
66 0.856462 0.782844 1.09404
67 0.818856 0.789857 1.03672
68 0.780131 0.796419 0.979549
69 0.740334 0.802522 0.922509
70 0.699513 0.808162 0.865561
71 0.657719 0.813331 0.808673
72 0.615001 0.818024 0.751813
73 0.571413 0.822237 0.69495
74 0.527006 0.825966 0.638047
75 0.481834 0.829208 0.581078
76 0.435954 0.831959 0.524009
77 0.389419 0.834218 0.466807
78 0.342287 0.835983 0.409442
79 0.294615 0.837253 0.351883
80 0.24646 0.838027 0.294096
81 0.197881 0.838307 0.236049
82 0.148937 0.838092 0.17771
83 0.0996875 0.837383 0.119046
84 0.0501907 0.836184 0.0600235
85 0.000508639 0.834497 0.000609516
86 -0.0493013 0.832324 -0.0592333
87 0.556872 0.855487 0.650942
88 0.506711 0.863812 0.586599
89 0.456208 0.871649 0.523385
90 0.405422 0.878988 0.461238
# cl_max 3.28894 at 41 deg
# cd_min 0.00426455 at -12 deg
# ld_max 6.35515 at -1 deg
