This aircraft uses yasim version 'YASIM_VERSION_32'
-15 0.0417401 0.0453423 0.920556
-14 0.0585628 0.0464123 1.26179
-13 -0.169291 0.0200043 -8.46276
-12 -0.48364 -0.00180714 267.627
-11 -0.512944 0.000143343 -3578.44
-10 -0.393814 0.0078358 -50.2583
-9 -0.264329 0.0164987 -16.0212
-8 -0.13435 0.0264983 -5.07013
-7 -0.00403834 0.0378228 -0.10677
-6 0.126448 0.0504585 2.50597
-5 0.256951 0.06439 3.99054
-4 0.38731 0.0796006 4.86566
-3 0.517365 0.0960714 5.38522
-2 0.64696 0.113783 5.68592
-1 0.775936 0.132713 5.84673
0 0.845319 0.155369 5.4407
1 0.986178 0.175847 5.60817
2 1.12604 0.197607 5.69839
3 1.26473 0.220626 5.73249
4 1.40209 0.244878 5.72567
5 1.53794 0.270338 5.68896
6 1.67213 0.296978 5.63047
7 1.8043 0.32568 5.5401
8 1.93445 0.355504 5.44143
9 2.0624 0.386407 5.33739
10 2.18802 0.418356 5.23004
11 2.31074 0.451212 5.12118
12 2.3776 0.470873 5.04935
13 2.29385 0.45589 5.03157
14 2.0697 0.409709 5.05164
15 1.74727 0.33742 5.17831
16 1.47776 0.275089 5.37192
17 1.32943 0.236322 5.62549
18 1.22573 0.204291 5.99992
19 1.14649 0.183518 6.2473
20 1.08903 0.179462 6.0683
21 1.0518 0.184133 5.71219
22 1.05687 0.193643 5.45783
23 1.09993 0.208147 5.28441
24 1.1441 0.223313 5.12332
25 1.1863 0.238739 4.96902
26 1.22364 0.253968 4.81808
27 1.25407 0.268591 4.66905
28 1.28163 0.283163 4.52612
29 1.3075 0.297851 4.38979
30 1.33166 0.31264 4.2594
31 1.35407 0.327512 4.13441
32 1.3747 0.34245 4.01431
33 1.39354 0.357438 3.89868
34 1.41055 0.372459 3.78713
35 1.42572 0.387495 3.67933
36 1.43904 0.40253 3.57499
37 1.45048 0.417545 3.47382
38 1.46003 0.432525 3.37559
39 1.46768 0.447452 3.28008
40 1.47342 0.462309 3.18708
41 1.47724 0.477079 3.09643
42 1.47914 0.491746 3.00794
43 1.47912 0.506291 2.92149
44 1.47718 0.520701 2.83691
45 1.47332 0.534957 2.75409
46 1.46754 0.549044 2.6729
47 1.45986 0.562945 2.59325
48 1.45027 0.576645 2.51501
49 1.4388 0.590127 2.43811
50 1.42545 0.603377 2.36245
51 1.41024 0.616379 2.28795
52 1.3932 0.629119 2.21452
53 1.37433 0.641583 2.1421
54 1.35367 0.653755 2.07061
55 1.33124 0.665621 2
56 1.30706 0.677169 1.93019
57 1.28117 0.688386 1.86113
58 1.2536 0.699257 1.79276
59 1.22437 0.709772 1.72502
60 1.19353 0.719917 1.65787
61 1.16111 0.729681 1.59126
62 1.12715 0.739055 1.52513
63 1.0917 0.748025 1.45944
64 1.05479 0.756583 1.39415
65 1.01647 0.764717 1.32921
66 0.976785 0.772421 1.26458
67 0.935785 0.779684 1.20021
68 0.893518 0.786499 1.13607
69 0.850038 0.792857 1.07212
70 0.805395 0.798753 1.00832
71 0.759643 0.804179 0.94462
72 0.71284 0.809129 0.880997
73 0.665041 0.813597 0.817409
74 0.616305 0.81758 0.753816
75 0.56669 0.821072 0.690183
76 0.516256 0.824071 0.62647
77 0.465066 0.826572 0.562644
78 0.413181 0.828575 0.498664
79 0.360663 0.830077 0.434494
80 0.307579 0.831076 0.370097
81 0.253991 0.831574 0.305434
82 0.199964 0.831568 0.240466
83 0.145566 0.83106 0.175157
84 0.0908614 0.830052 0.109465
85 0.035916 0.828545 0.0433483
86 -0.0192005 0.826544 -0.0232299
87 0.569985 0.8332 0.684091
88 0.514728 0.841469 0.611702
89 0.45911 0.849248 0.540607
90 0.403198 0.856528 0.470736
# cl_max 2.3776 at 12 deg
# cd_min -0.00180714 at -12 deg
# ld_max 267.627 at -12 deg
